"time" "Control" "Dose 1" "Dose 2" "Dose 3" "Dose 4" "Dose 5" "Dose 6" "Dose 7" "Dose 8" "Dose 9" "Dose 10" "Dose 11"
"1" 2192 80 80 80 80 80 80 80 80 80 80 80 80
"2" 2193 79.4768707868079 79.4768662302397 79.476866162433 79.4768661283728 79.4768664074143 79.4768664591997 79.4768663243335 79.476866054807 79.4768661473344 79.4768667712881 79.4768660364537 79.476866039604
"3" 2194 78.9970286279595 78.9970284168497 78.9970288192727 78.997028526516 78.9970286401154 78.9970291517211 78.997029008281 78.9970285555268 78.9970285355413 78.997029363978 78.997027884072 78.9970252465418
"4" 2195 78.5674164316423 78.5674048387438 78.5674057266882 78.5674032819238 78.5674034659336 78.5674045724584 78.5674043590567 78.5674048265492 78.5674048841284 78.5673894444499 78.5673083376583 78.5668311149807
"5" 2196 78.225485768221 78.2254557888904 78.2254559125518 78.2254521981685 78.22545231366 78.2254520301554 78.2254520622869 78.2254527377245 78.2254453180468 78.2253860538902 78.2250640480357 78.2237719407228
"6" 2197 78.0022019469499 78.0021870327158 78.0021950205059 78.0021797474175 78.0021821247204 78.0021877934735 78.0021759487078 78.0021651758892 78.0021691878393 78.0021093468103 78.0017229747101 78.0004157387849
"7" 2198 77.7903592769392 77.7903109476625 77.7903176196 77.7902856905413 77.7903170163843 77.7902493933818 77.7902730747678 77.7902427115806 77.7903175561033 77.7902296133279 77.7897873096395 77.7885006680639
"8" 2199 77.5550911233327 77.5550382399808 77.5550429422966 77.555015744929 77.5550418291273 77.5549749914283 77.5550024667938 77.554969085305 77.5550179562896 77.5548617391981 77.5543921936259 77.553106301601
"9" 2200 77.3309395132962 77.3308903881278 77.3308947968805 77.3308678533978 77.3308936196307 77.3308263087804 77.3308519084406 77.3308100041492 77.3308293183679 77.3306396038592 77.3301609695275 77.3288765972786
"10" 2201 77.1003878065074 77.100333491145 77.1003437108594 77.1003355981354 77.1003616788137 77.100282295358 77.1003181125426 77.100258038012 77.1002306997072 77.1000066198995 77.0995209049373 77.0982409602212
"11" 2202 76.8003389174777 76.800228915622 76.8002536174573 76.8002512956079 76.8002685307657 76.8001586509498 76.8001643537518 76.7997845586497 76.7991858305696 76.7986625694273 76.7981183621194 76.7968322311815
"12" 2203 76.4129925992562 76.4128189253478 76.412840244355 76.412836936615 76.4128430852088 76.4126811576862 76.412347176087 76.4104006780814 76.4071746949402 76.4055154463077 76.4047573709774 76.4034447199404
"13" 2204 76.0722793783801 76.0720335990415 76.0720589749777 76.0720512087575 76.0720527224302 76.0718593331091 76.071337277706 76.0685504950994 76.0640956106648 76.0619629912357 76.0611141627548 76.059796764714
"14" 2205 75.7658466181915 75.7656192403864 75.7656494978802 75.7656301504443 75.7655205246683 75.765313724848 75.7648221907831 75.7615946842884 75.7566814009295 75.7544183437094 75.7535407968403 75.7522694584398
"15" 2206 75.3528840346907 75.3525813144498 75.3526559442659 75.3526246327317 75.3525595898348 75.3519746770917 75.349924455924 75.341020437104 75.3296361588222 75.3255849779925 75.3244047028181 75.3230935653378
"16" 2207 74.8609005790055 74.86056998051 74.8606683708823 74.86064557903 74.8603881783285 74.8588322552596 74.850656569433 74.8201513601342 74.7864802580266 74.7758546375692 74.7734594717978 74.7721146222295
"17" 2208 74.4118241346499 74.4115239256472 74.4115294104498 74.4116384777371 74.4112232855408 74.409300065401 74.3980284197505 74.3572090051064 74.3131630808198 74.2996193264247 74.2966009187678 74.2951840138488
"18" 2209 74.0140740577803 74.0137533325526 74.0137591396064 74.0138742268396 74.0134240370913 74.0113655893289 73.999072124448 73.9550491764684 73.9079259126297 73.893526361668 73.890344033404 73.8888880209533
"19" 2210 73.6548496070324 73.6546547762578 73.6546377827166 73.6547694331509 73.6543013981643 73.6522626167392 73.639474318832 73.5937827188357 73.5450748043902 73.5302613768452 73.5269542656256 73.5255625851
"20" 2211 73.3691337681096 73.3690411293693 73.3690040854819 73.3690511794676 73.3686346573044 73.3665851055224 73.3537955830004 73.3079290708426 73.2590288527701 73.2441647367246 73.2408692644607 73.2394753060102
"21" 2212 73.0875105636958 73.0873506869681 73.0872552895149 73.0873205262885 73.0868970836845 73.084840011195 73.0720213586341 73.026041936802 72.9769610758855 72.9620782012954 72.9587527144195 72.9573556793528
"22" 2213 72.7678242273737 72.7676644404703 72.767571368477 72.7676285855376 72.7672058311857 72.7651223575313 72.7521486907957 72.7056111218634 72.6559467677718 72.6408976160659 72.6375456775344 72.6361557324163
"23" 2214 72.4221178030961 72.4219596041899 72.4218534923991 72.4219054481579 72.4214832423132 72.419366120214 72.4060773435483 72.3584041303426 72.307454660408 72.2920104250614 72.2885664423453 72.2872079681692
"24" 2215 72.0098148401134 72.0096430902722 72.009509207625 72.0095452877043 72.0090984092883 72.0067468052093 71.9920107396291 71.9386457716509 71.8809279086651 71.8632874700349 71.8594466937317 71.8580096762726
"25" 2216 71.547592822233 71.5474148063703 71.5472778310705 71.5473011459178 71.5467650497686 71.5438014655588 71.5253111645795 71.4567442060829 71.3793755066908 71.354968875998 71.3499368282621 71.3483189769846
"26" 2217 71.0844900252937 71.0843276791637 71.0841796929303 71.0841992024837 71.0835634160782 71.07998454396 71.0576668041222 70.9728963683252 70.8727260616094 70.8399409904223 70.8334018768495 70.8315841102843
"27" 2218 70.6216402396043 70.6214814451157 70.6213316350422 70.6213361182498 70.620606271492 70.6163937091843 70.5900887628656 70.4875890736262 70.359931246143 70.3162249199923 70.307673123619 70.3055557717792
"28" 2219 70.1976394302349 70.1975179445204 70.1973627241067 70.1973618053289 70.1966159078014 70.1921196106698 70.1641673632914 70.0539430433885 69.9132792743225 69.8640252427679 69.8544272870486 69.8521544823983
"29" 2220 69.8609348381908 69.8608658400385 69.8607148144187 69.8607074347412 69.8599594389809 69.8554480654231 69.8274207270258 69.7166979046877 69.574824895132 69.5249451355092 69.5152112924731 69.5129240968696
"30" 2221 69.4794104109012 69.4793856254645 69.479272727294 69.4792132309266 69.4784335560702 69.4738398501933 69.4453468219995 69.3318698411075 69.1839118965755 69.1307542388675 69.1202937179147 69.1178946005942
"31" 2222 69.033811033599 69.0338029375803 69.033688173201 69.0335970568824 69.0327922809927 69.0279279948372 68.997723097335 68.8752220887484 68.7065376347402 68.641617062715 68.6286514480452 68.625870877715
"32" 2223 68.6413126263806 68.641342264835 68.6412149633405 68.6411441183229 68.640335054284 68.6353886114259 68.604669198911 68.4793753093566 68.3032888761142 68.2336908094868 68.2196800523708 68.2167052431109
"33" 2224 68.3584985588174 68.3585576815245 68.358414151282 68.3583411664559 68.3575444499453 68.3526168728549 68.3219680004773 68.1969461481524 68.0209082633467 67.9511486127038 67.9370496208823 67.9341206613251
"34" 2225 68.0934209566686 68.093426985769 68.0933075257767 68.0932123627954 68.0924166077974 68.0875333616208 68.0569594883118 67.9323041783203 67.7565905975856 67.6868436600734 67.6726933827383 67.6697677269237
"35" 2226 67.7462933135903 67.7462230689464 67.7460948107213 67.7459920400763 67.745193646142 67.740316260256 67.7097216411187 67.5847482028481 67.4068690714982 67.3348131830698 67.3200420387613 67.3169944769711
"36" 2227 67.3994102941493 67.3993042807366 67.3991768870568 67.3990590977054 67.3982740189733 67.3933814052873 67.3628201550165 67.2375689594584 67.0575827811304 66.9830591213762 66.9675804366425 66.964423689277
"37" 2228 67.1123428727385 67.112310003624 67.1121811526237 67.1120310388981 67.1112749197056 67.1063697452605 67.0759495956778 66.951053511627 66.7712523345509 66.6964043623152 66.680781271124 66.677631149957
"38" 2229 66.7737307020863 66.7736761477763 66.7735455157512 66.7733968773046 66.7726471343559 66.7677458582837 66.737370850436 66.6124638960568 66.4311018241603 66.3536320983307 66.3370372659345 66.3337839395669
"39" 2230 66.3638010126143 66.3637174873209 66.3635746460265 66.3634649129677 66.362641195278 66.3577826626693 66.3272298397330 66.2008036976908 66.0112137637019 65.9216754575468 65.9007762187137 65.8967225019425
"40" 2231 65.9620227701776 65.9620497807737 65.9619274391314 65.9617903070141 65.9610260763457 65.9560731416442 65.925463172687 65.7980020618424 65.6018974179545 65.501354084059 65.4763099349212 65.47156566798
"41" 2232 65.5544660380457 65.5544086431745 65.554297038105 65.5537319413944 65.5533567095872 65.5483538942374 65.5175943215365 65.3889768121383 65.1846505770371 65.0686301117029 65.0369421204034 65.0309535096864
"42" 2233 65.1537713100131 65.1538226316427 65.1537237300229 65.153306592612 65.1527914794975 65.1477640053834 65.1161479938036 64.9815052696071 64.7447023868731 64.565882802218 64.504192678583 64.4922467123992
"43" 2234 64.8254832135174 64.8254681836486 64.8253695154805 64.824978569413 64.824404386346 64.8191485521017 64.7860822690058 64.6413803519254 64.3502618906724 64.0559584091699 63.9338180092543 63.9095004921706
"44" 2235 64.4638508632324 64.4637613473028 64.463643248274 64.4632707483288 64.4626456016122 64.4570993057967 64.4220508502003 64.2648540292005 63.9205373410639 63.5413996609624 63.380470462882 63.3484537950321
"45" 2236 64.077278609316 64.0771908954128 64.0770798798216 64.0766780883079 64.0757309297054 64.0681562083733 64.0207186098114 63.814968071711 63.4064116910549 63.0043845060434 62.8399695950608 62.8074927743722
"46" 2237 63.6716184785488 63.6714936023024 63.6713710269795 63.6708854161116 63.6695678843305 63.6591928644349 63.5968064258782 63.3520921615171 62.9183513879974 62.5128455716699 62.3486811718929 62.3163122427734
"47" 2238 63.2650476886189 63.2648797302854 63.2647855116284 63.2642076933394 63.2622533888635 63.2478180517984 63.1660712928057 62.8867510392664 62.4394156711729 62.0337694436487 61.8703807436266 61.8382104395215
"48" 2239 62.8654266051577 62.86503278464 62.8649278397062 62.8642622819889 62.8616535510157 62.8433606512331 62.7441279644357 62.4378544353846 61.9820256654758 61.577209404324 61.4147107869113 61.3827505340633
"49" 2240 62.4687856365166 62.4683868160915 62.4682729739265 62.4675467314567 62.4643389297539 62.4426235819803 62.3292299179125 62.0042678810845 61.5441443241796 61.1409679214846 60.979426802356 60.947661843895
"50" 2241 62.085444060595 62.085112187566 62.0849884675377 62.084217297152 62.0805492809032 62.0559137549788 61.9311946205826 61.5924980487205 61.1299605998806 60.7285129635942 60.5679326087721 60.5363672001632
"51" 2242 61.7571391526851 61.7567988112889 61.7566793784288 61.7558999294006 61.7521163966414 61.7269289156908 61.60016954897 61.2599451082825 60.7987770172315 60.399337472993 60.2395985634919 60.2081991979247
"52" 2243 61.4460726190046 61.4457690105723 61.4456466360195 61.444855367299 61.441012416293 61.4154709746419 61.2874906501707 60.9467817061472 60.4872546655838 60.0897036775844 59.9307969334727 59.8995529139528
"53" 2244 61.1384523858808 61.1381391982849 61.1380117726442 61.1372245042609 61.1333048520367 61.1074284379414 60.9783015829236 60.6371877765744 60.1793321846397 59.7837137698187 59.6255917879497 59.5944954751704
"54" 2245 60.8203319032289 60.8200473596687 60.8199207465043 60.8191168114853 60.8151227881034 60.7887226493841 60.6577869230163 60.3156350063979 59.8592914731406 59.4656221608833 59.3083216133043 59.2773923182662
"55" 2246 60.4855595926005 60.4852652064247 60.4851370259115 60.4843091537643 60.4801881985833 60.4529261921276 60.3189315695597 59.9743890803848 59.5192832510421 59.1276086623198 58.9711859698586 58.9404311594078
"56" 2247 60.1315609084941 60.1312686165426 60.1311235210359 60.1302682508872 60.1258641320347 60.0969932621874 59.9571550418885 59.6071614802371 59.1525126792357 58.7628551847244 58.607353737965 58.576780808594
"57" 2248 59.7526708726747 59.7523828106863 59.7522215847866 59.7512697901239 59.7462003975943 59.7133158896692 59.5587188995641 59.1934964685562 58.7365812387457 58.3487811342496 58.1942077527102 58.1638634961723
"58" 2249 59.3702241690895 59.3699274919899 59.3697485339627 59.3686435863402 59.36257697115 59.3236214053324 59.1466556682216 58.7577694525727 58.2962088202889 57.9100141338228 57.756381222817 57.7262699204283
"59" 2250 58.9967933663651 58.9965325169862 58.9963201014808 58.9951358316363 58.9883571066728 58.9455188145559 58.7539302345248 58.350190817264 57.8864252210743 57.5020288483612 57.3493701941876 57.3193328972515
"60" 2251 58.6256773383668 58.6254314429486 58.6251823973338 58.6239195460835 58.6164963517815 58.5695721804187 58.3631240617681 57.9442583441709 57.478275935017 57.0956393844397 56.9439499037561 56.9141142342389
"61" 2252 58.2593595149636 58.2591271174538 58.258832496868 58.2573496760258 58.2483818308162 58.1921058783846 57.9512246107575 57.495769633361 57.021346867128 56.6397695077092 56.4889976440414 56.459362785462
"62" 2253 57.9769417465345 57.9766631264041 57.976330382451 57.9742498065262 57.9617564548918 57.883662998532 57.5618519391486 57.0184433820827 56.520239475258 56.137447836821 55.9873295599207 55.9579091445424
"63" 2254 57.7073295238815 57.7070071728855 57.7066412507744 57.7039452062261 57.6877483288592 57.5869699639281 57.180065680088 56.5433864363219 56.0198068922878 55.6354839442157 55.4860691095766 55.4568165054592
"64" 2255 57.368953757431 57.3686652207867 57.3682554843994 57.3652784445567 57.3472046337508 57.2348097615023 56.7819816096331 56.0898026974712 55.5506560645346 55.1662019204588 55.0175692694156 54.9885153625643
"65" 2256 57.0206764594355 57.0203845216531 57.0199575427457 57.0168391036092 56.9978026396065 56.8792659691502 56.3974824954316 55.655909903207 55.0976800613478 54.7120377577333 54.5639616591511 54.5350534804144
"66" 2257 56.660627510566 56.6603454186397 56.6599119096840 56.6567534585016 56.6374419889555 56.5170101708810 56.0245198792667 55.2568676937601 54.6852037742562 54.2988224927265 54.1512650711577 54.1224907552209
"67" 2258 56.3062193341104 56.3058843451981 56.3054849276776 56.3023022699965 56.2828151296369 56.1611786781387 55.6601980625657 54.8642206101787 54.2715642418137 53.8820090164326 53.7346249148402 53.7059288693822
"68" 2259 55.9543803767165 55.9539619270606 55.9535674926824 55.9503737999603 55.9307551671802 55.8082727842485 55.300594824874 54.4779113714917 53.861502717122 53.4675854432891 53.3201410418964 53.2914930293052
"69" 2260 55.6008722590178 55.600456017457 55.6000610434743 55.5968746532124 55.5772565552074 55.4547489319615 54.9454057388331 54.1106183997147 53.4809507198172 53.084883757302 52.937658744298 52.9090952139626
"70" 2261 55.2525874395446 55.2522727742772 55.2519176185105 55.2486664598265 55.2290111140008 55.1059062189325 54.5915872686374 53.7321239961687 53.0753767315622 52.6730052179492 52.525442513661 52.4969109390403
"71" 2262 54.9500076887175 54.949829387154 54.9494332153382 54.9462201411922 54.9262430953884 54.8011558385435 54.273048133831 53.357668809697 52.6419635675617 52.2243322649678 52.0749133444032 52.0461549202917
"72" 2263 54.6900537959516 54.6899175858901 54.6895015009245 54.686231830652 54.6657856442167 54.5375881662448 53.9893719466526 52.9968669676795 52.2023528848604 51.7641851774966 51.612078594463 51.5829728459013
"73" 2264 54.3904321091143 54.3902948021066 54.3898760602145 54.3865625747502 54.3658125743218 54.2358329470638 53.6751161893085 52.6299564561992 51.7777053923558 51.3242206606807 51.1702311345218 51.1408700504545
"74" 2265 54.1010800700411 54.1009963503022 54.1005749978438 54.0972444321976 54.0763263879803 53.9451455298108 53.3753294255863 52.2831235533108 51.3630938783171 50.8869426380304 50.729604908665 50.6997475266682
"75" 2266 53.8865662387487 53.8864381199757 53.8860305810785 53.8826681295046 53.861607366168 53.7291192807128 53.1491752363622 51.9980253979910 50.9649244531324 50.4383592491551 50.2718990201257 50.2406947845996
"76" 2267 53.7533700364928 53.7533227929756 53.7528802025287 53.7495131457448 53.7283194161142 53.5949604573834 53.0074156668572 51.8026589802754 50.6220415398227 49.9988833453927 49.811059233421 49.7765116679565
"77" 2268 53.6485698796622 53.6485463975672 53.6480794540184 53.6447545060586 53.6235120969984 53.4899617353913 52.8991953609352 51.6613455557679 50.3461335077286 49.584113285972 49.3563125390449 49.3150628617776
"78" 2269 53.4556299650687 53.455606116116 53.455141326281 53.4518336390354 53.4306545284619 53.2975792407675 52.7078376929335 51.4598559796468 50.0719994437524 49.191764426941 48.9177677020146 48.8680444644117
"79" 2270 53.1795503692642 53.1795269376476 53.1790695202341 53.1757777765061 53.1547204206751 53.0224042353209 52.4355608053181 51.1880968166247 49.7687641113449 48.8138126000694 48.502374490109 48.44517466225
"80" 2271 52.8677063155321 52.867681251167 52.8672263186183 52.8639525307424 52.8430287379425 52.7115627085594 52.1282266741616 50.8850496293886 49.4515128565043 48.4480047636887 48.1073272712447 48.0438736446935
"81" 2272 52.5623001596226 52.5622824332546 52.56183085918 52.5585814930155 52.537795076347 52.407168625568 51.8273406176068 50.5886028154177 49.1416225465034 48.0878053037709 47.7142910366924 47.6435587807713
"82" 2273 52.2660709632942 52.2660354417629 52.2655829096572 52.2624144710753 52.2417160093206 52.1119064109685 51.5355006405627 50.300803083505 48.838668835916 47.7303027740839 47.3210849134989 47.2424308622705
"83" 2274 52.007717153615 52.0076830802689 52.0072177377925 52.0041763254186 51.9836027834967 51.8545248921190 51.2811057579432 50.0483301599139 48.561377657145 47.3776330087881 46.9212781711683 46.8323256620839
"84" 2275 51.8458136765555 51.845767492554 51.8453940004622 51.8422716331472 51.8217902914336 51.6932767899952 51.1217400946505 49.8855126138266 48.3499575751275 47.0415052289506 46.5124848116744 46.4081047166152
"85" 2276 51.8625667921139 51.862624661009 51.862187722092 51.8591294140052 51.8386881783708 51.7103128628077 51.1383488763201 49.8878934515905 48.2584404017195 46.7439206668402 46.1073961526772 45.9812519945616
"86" 2277 52.216906966851 52.2169687397507 52.2165534781564 52.2134740775968 52.1929384134959 52.0638781074952 51.4866312661237 50.1984167992993 48.3806329297579 46.5177202430332 45.725576176522 45.5698899771005
"87" 2278 52.5432366420901 52.5432771516459 52.5428605799902 52.5397886904149 52.5191342972022 52.389191094235 51.8054978095879 50.4719149809553 48.443315787485 46.2525421222767 45.3376799601150 45.16021609936
"88" 2279 52.5216572995737 52.5216403573336 52.5212220677936 52.5181507163575 52.4974642327923 52.367313463643 51.7806724731825 50.4173654933356 48.2530923403447 45.8950396988954 44.9298775154057 44.7441351483836
"89" 2280 52.3337965517336 52.3338058347609 52.333389345096 52.3303192070162 52.3096571892808 52.1795896912145 51.5916698900205 50.2070990863104 47.9534538792844 45.5131072715358 44.5291582248175 44.3406401739269
"90" 2281 52.0968093115925 52.0967930169034 52.0963771160474 52.093310440928 52.0726682787281 51.9426678848678 51.3533491348692 49.9476271046999 47.6199800048089 45.1300045979997 44.1381755763064 43.9487179156377
"91" 2282 51.9101634926641 51.9103403134893 51.9099207256185 51.9068368741324 51.8861237854208 51.7556117496258 51.1612148518337 49.7169294402617 47.286394666072 44.7424407801207 43.7435265772801 43.5533115302647
"92" 2283 51.7377690768068 51.7375559700528 51.7371294397878 51.7340284499894 51.7131962955998 51.5817556353869 50.979766444735 49.4863861450209 46.945143368393 44.3539391242908 43.3503414813356 43.1597673272615
"93" 2284 51.6107320836079 51.6106242190282 51.6101930966168 51.6070578963376 51.5859777353953 51.4527749395009 50.838190394366 49.2751520551245 46.6026699805958 43.9650547738335 42.9578017748414 42.7670441086079
"94" 2285 51.5290435477140 51.5288996430639 51.528520840653 51.525266589157 51.5038106390473 51.3680181168846 50.7356834360975 49.0828071000824 46.260475036135 43.576027889206 42.5655849873474 42.3747344877321
"95" 2286 51.655156525837 51.655219702984 51.6548084174806 51.6514586941582 51.6291552492415 51.4879520261267 50.8206555458605 49.0089628243509 45.952711855033 43.1981373054447 42.181032297818 41.9895853655928
"96" 2287 51.7076078597394 51.7076220769989 51.7071592360913 51.7038163216812 51.6807377560985 51.5345960266368 50.835072218565 48.8796005373881 45.6272677711857 42.8213586008625 41.8010181722385 41.6094701604586
"97" 2288 51.6261126624103 51.6265182591361 51.6260346436311 51.6226049958612 51.5989290573347 51.4487330852318 50.723065874354 48.6565617475189 45.2720509915794 42.4411610870927 41.422099249894 41.2311202089917
"98" 2289 51.6718812210253 51.6723304827231 51.6716507048792 51.6681198444606 51.6436215373659 51.4870161681025 50.721567935025 48.494636973772 44.9300032370062 42.0625499183543 41.0431102554992 40.8524790508825
"99" 2290 51.5233471957295 51.5237917646228 51.5229935184863 51.5194288208793 51.4943862472601 51.3340301770472 50.5449479140828 48.2239308920347 44.5656724124241 41.6886612497708 40.6729951512485 40.4833204102765
"100" 2291 51.28334526454 51.2837979277681 51.2829980596578 51.2793816528786 51.2540321064819 51.0915442258122 50.2883272578155 47.9106584128593 44.2019009638165 41.3271336081367 40.3168641947864 40.1283488619963
"101" 2292 51.0599708319789 51.0604525969508 51.0596453708175 51.0560044708168 51.030475872916 50.8666704173376 50.053754255411 47.6272038150492 43.8528047369137 40.9688668222990 39.9617384036433 39.774039417923
"102" 2293 50.8886688637308 50.8892432563951 50.8883946731015 50.8847660957995 50.8591236274628 50.6944572500153 49.8744857559335 47.4024909170142 43.5330545728951 40.6138955799674 39.6042620768697 39.4165152198369
"103" 2294 50.6774016917246 50.6778297761205 50.6770109847787 50.6733457948316 50.6477677657678 50.4830537983206 49.6611988152815 47.1659626637299 43.2260152026677 40.2702586451668 39.2564487692502 39.0683438994123
"104" 2295 50.4040001476037 50.4044844014289 50.4036486272149 50.3999881531758 50.3745192353975 50.2103913874628 49.3904338549033 46.8911312900324 42.9184732678475 39.9410716772555 38.9251289065393 38.7369263411853
"105" 2296 50.1255092279618 50.1259632653262 50.1251236934618 50.1214771989658 50.0961269903691 49.9326556144353 49.115255321014 46.6152523307226 42.6161892174436 39.6178778060361 38.5993898285887 38.4109985319315
"106" 2297 50.03354500783 50.0343621609617 50.0335340259617 50.029860661843 50.0044402643963 49.8408008505628 49.020056271813 46.4895095735240 42.380066137413 39.2956665609759 38.2590806630973 38.0680339052431
"107" 2298 50.3525048361177 50.3533694517131 50.3526215084844 50.3488865835646 50.3231327244942 50.1571153887144 49.3203649351615 46.6953016369637 42.3048782681897 39.0127168880113 37.9305170300163 37.7325041923911
"108" 2299 50.5294128879839 50.5300446704858 50.5292754220549 50.5255098607336 50.4994882135782 50.3315820505076 49.4818830359857 46.778241230649 42.1585996420921 38.7105135182599 37.5968905786566 37.3942550055095
"109" 2300 50.6205626557434 50.6213456277019 50.6207336049747 50.6169349522412 50.5906742740036 50.4209859072684 49.5591402786226 46.7813292703504 41.9623269827895 38.3960079183299 37.2613045458817 37.0557097495106
"110" 2301 50.817409535486 50.8182644734964 50.8176374412682 50.8138122160388 50.7871568933798 50.6147657086217 49.7347292756854 46.8547221587697 41.7876977248044 38.0893887309137 36.9323499428836 36.723652446164
"111" 2302 50.8826713720775 50.8834776935858 50.8828890286985 50.8790004222924 50.8520211317287 50.677452054547 49.7823166620958 46.8168875135519 41.5577341394533 37.7708650465159 36.6011722854409 36.3908754993622
"112" 2303 50.9821190928317 50.9830092102177 50.9824805840597 50.9783995148497 50.9510808800945 50.7736686085879 49.8593466301234 46.7917158910575 41.3259995255998 37.4547789962345 36.2740587376838 36.0624334103747
"113" 2304 51.2125739561151 51.2132179631685 51.2127742797778 51.2085566049005 51.1806409421775 50.9989653884431 50.056971655099 46.8492098368987 41.1208792262676 37.1489465717433 35.9548860592336 35.7415997381769
"114" 2305 51.5721377662358 51.5727452950731 51.5723286001697 51.5679588865933 51.5392135759241 51.3519449547136 50.3730526052181 46.9856901314903 40.9417073258478 36.8556467019736 35.6464581777291 35.4312501559466
"115" 2306 52.0921729699789 52.0928079180597 52.0923776713317 52.0879004916874 52.0580494840979 51.8633672089748 50.8371003143323 47.2236838649847 40.7978880633992 36.5787440927743 35.3516227280216 35.1340967240383
"116" 2307 52.4608437307702 52.4612340537289 52.4608390550955 52.4562211517459 52.4254606583294 52.2243637813278 51.1574284477951 47.3500544501985 40.6087898669575 36.2884277937688 35.0492004164630 34.8302444014483
"117" 2308 52.642676102683 52.6430227643791 52.6425562607967 52.6375932778761 52.6043661441276 52.3873352929378 51.2385590034349 47.2251779165153 40.3212311994484 35.9757593203358 34.7378637027592 34.5194688660231
"118" 2309 52.795216080028 52.79530184889 52.7943977676448 52.786488773602 52.7339988464756 52.4141753471907 51.0072006634348 46.8405405152565 39.9615141795923 35.6532114705095 34.4267208106738 34.2103596382191
"119" 2310 53.3229374882777 53.3230155402264 53.3203190832689 53.300254892307 53.1724290311153 52.5410225237264 50.7248141744786 46.4556879639756 39.6240537206963 35.3556842087198 34.140778196211 33.9264629888763
"120" 2311 53.8134938423624 53.8129907271013 53.8076955027172 53.7702535176971 53.5384352886375 52.5424458622936 50.3824700500514 46.0617191697746 39.2862886104752 35.0586693488275 33.8553977062838 33.6431316799068
"121" 2312 53.8517672540079 53.8507887097121 53.8435608452505 53.7934016586361 53.4883784099878 52.2734902225461 49.9580604991269 45.6405647908101 38.9278616731352 34.7414480800152 33.5498837545741 33.3396795288571
"122" 2313 53.928154741491 53.9267115554152 53.9171016995003 53.8510120227972 53.4569798540583 52.0001146567979 49.5345308258384 45.2237390834362 38.5738853200426 34.4284077657631 33.2484538651473 33.0402942733060
"123" 2314 54.0577573263198 54.0558361481688 54.0434402723317 53.9589826323025 53.463238537223 51.7396565204135 49.1168222849126 44.8120229763923 38.2246100181934 34.1197757842063 32.9513408533967 32.7452092048557
"124" 2315 54.0177269660383 54.015206989652 54.0008711555155 53.9029803670494 53.3333111033263 51.4198165433209 48.6914185304553 44.402212457911 37.8764228752586 33.8112102673174 32.6540214521747 32.4498660715116
"125" 2316 53.9779695326876 53.9752195709190 53.9587570362235 53.8477454449044 53.2053182360472 51.1043165965705 48.2708343822623 43.9966329123454 37.5316907406585 33.5056528667417 32.3595873464172 32.1573882153897
"126" 2317 54.1621489476538 54.1590781690548 54.1396063089095 54.0098053469091 53.2619069325365 50.878445123936 47.8736597408531 43.6005372632273 37.1953116705013 33.2084473835439 32.0735214570371 31.8732673065591
"127" 2318 54.601236067145 54.5976857417639 54.5745660479581 54.4208135874348 53.5369841141578 50.7707149874687 47.5152038653022 43.2248617518466 36.8762079511678 32.9275785566331 31.803503753581 31.6051772217846
"128" 2319 55.098971109692 55.0944781978345 55.067684927943 54.8901410549073 53.8690538784059 50.701341749521 47.1718321525531 42.8580079008853 36.5641729036494 32.6530902831540 31.5396854112845 31.3432344545554
"129" 2320 56.017795839711 56.012433157407 55.9791724232241 55.7602004478735 54.5094570596767 50.7499788640083 46.8780073948988 42.5316106774611 36.2891532753964 32.4134339426985 31.3100094211289 31.1152573086328
"130" 2321 56.9119692758641 56.9054069242126 56.8648726519021 56.5980675277215 55.0904588991029 50.7354298139078 46.5687886499569 42.2038991924216 36.0144047675712 32.1739831479893 31.0805069704891 30.8875021081431
"131" 2322 57.3222847320158 57.3148839662481 57.2687625236742 56.9655980377135 55.269514269784 50.5237996984602 46.1936668094686 41.8367569701343 35.7049659233805 31.9016067425893 30.8185878132989 30.6274213980643
"132" 2323 57.67451636809 57.6661302322861 57.6144028908112 57.2750798797995 55.3946598883965 50.2863792074281 45.8144970040124 41.4694596713904 35.3952518406878 31.6286692697613 30.5560341699161 30.3666917051548
"133" 2324 58.143173197948 58.1336464008836 58.0755334882851 57.6947629256287 55.6035949338085 50.0847111869162 45.4513837384402 41.1142338096244 35.0961560931774 31.3655760094310 30.3030748265756 30.1155395931689
"134" 2325 59.6474941127916 59.6359202382274 59.5661340280986 59.1067288259663 56.6062996439656 50.2357514043833 45.2302303817961 40.8598697646704 34.8862579465689 31.1858254723367 30.1317211055214 29.9456637964562
"135" 2326 61.7822445409112 61.7684395809437 61.6850897079186 61.1362294990456 58.1479403708659 50.6506964470234 45.1102915604849 40.6741003242356 34.735578261642 31.0608709971399 30.0138887345327 29.8290751009152
"136" 2327 63.8675944398336 63.8518643438685 63.7570557899227 63.132650161113 59.7148420617705 51.113331739642 44.9975157651917 40.4854759238595 34.5804173067672 30.9312876048331 29.8914773428285 29.7079136901664
"137" 2328 66.9420226109717 66.9242955243372 66.8163070807544 66.10419695815 62.1694921817043 52.0667141327287 45.0661899021968 40.4118770957507 34.5224124808027 30.891163361993 29.8563581290121 29.6736592541771
"138" 2329 70.6005818151026 70.5806582676894 70.4603021211257 69.6655216048977 65.222739780814 53.4198357880934 45.2662003012913 40.408915633181 34.5213491782586 30.9029842460608 29.8718731652535 29.6898102922498
"139" 2330 74.0400271071833 74.0183966167052 73.888688648452 73.0306444930613 68.1844937766096 54.8375568711312 45.468109917159 40.3860235387502 34.4986613242717 30.8940745730536 29.8669771772562 29.6856705000928
"140" 2331 75.8716962783151 75.8495877891201 75.7154150674724 74.8274030806248 69.782047583096 55.566416313587 45.4136562262971 40.1919491856719 34.3280526996226 30.7480063063136 29.7280543828384 29.5480427970910
"141" 2332 76.3628108496798 76.3401570682922 76.2046077950709 75.3078377726516 70.197917254166 55.6456336366663 45.1426203493812 39.8703005876858 34.0493484809538 30.5014941255303 29.4908187369332 29.3124378363755
"142" 2333 76.9018695972152 76.8794562851328 76.742680316967 75.8375122647456 70.6657213156212 55.7798657923953 44.8972694111088 39.5588672857186 33.7773729113959 30.2607814193482 29.2591598209774 29.0823840624684
"143" 2334 77.7828340006875 77.7599147270691 77.621610569532 76.7058850140877 71.4567899224452 56.146527528751 44.7383761907491 39.2854957003615 33.533647211166 30.0456245793439 29.0524030380020 28.8771192781390
"144" 2335 78.4359028659847 78.4128401172982 78.2737460621088 77.3523856960533 72.056522590151 56.4293456795105 44.5603583986686 38.9982967584552 33.2767294042846 29.8177549892552 28.8331044768942 28.6593335746656
"145" 2336 79.6731428441187 79.6500465688766 79.509773017645 78.5800736902863 73.2161610834538 57.1354133777801 44.551466105528 38.7828745176927 33.0714056363852 29.6361296463414 28.6587731351002 28.4863140285393
"146" 2337 81.949136784023 81.9253387172497 81.7834948639537 80.84245111353 75.3829424502685 58.6313170492854 44.8642306244056 38.7005681174635 32.9605489674276 29.5389362570652 28.5664867425921 28.3949163206879
"147" 2338 85.391904070666 85.3679386151268 85.2246586290287 84.2733559851274 78.7163627672727 61.1404210218753 45.6321369816745 38.7947747802402 32.9685503032810 29.5464877287478 28.5757198011320 28.4044908082505
"148" 2339 90.4878426497091 90.4638094340582 90.3200741171895 89.3652553301545 83.738374051525 65.2274244204158 47.1652318593872 39.1647314788271 33.1538255431441 29.7088448018809 28.7347884332614 28.5630657109041
"149" 2340 94.9858766616542 94.9619509852739 94.819968078403 93.875742859978 88.2690114622504 69.1877480945038 48.7917460219277 39.5138176350095 33.2979791578470 29.8299504434611 28.8531638404345 28.6810375994937
"150" 2341 98.2954352198354 98.2719133678215 98.132789314284 97.2066505415983 91.6750766256513 72.3494425510037 50.1782545201986 39.7380424260758 33.3371427533801 29.8543548960906 28.8771419207368 28.7050506317028
"151" 2342 101.917479365636 101.894718968121 101.759440625551 100.857977635708 95.440542038432 75.9864454008025 51.9636841367554 40.0843771562123 33.4300030130796 29.9205331515389 28.9407701600213 28.7683706798441
"152" 2343 106.732037548941 106.710225591133 106.580685575172 105.716105833733 100.481536291422 81.0463995503613 54.7928548088855 40.7687916345619 33.6902651479279 30.1229347180567 29.1347634203594 28.9611097560891
"153" 2344 110.628892238324 110.608090433536 110.484806246979 109.661229116559 104.642965377577 85.4789165486503 57.5494807111162 41.4094023205544 33.8855793920557 30.261301392853 29.2656639196054 29.0909699764423
"154" 2345 114.711024966417 114.69209385465 114.576202315625 113.800673698028 109.045018036741 90.3492554468975 60.9008587633809 42.263609241427 34.1515839132149 30.4475735540930 29.4408360399429 29.2645198138845
"155" 2346 120.774404911362 120.755977786093 120.651058263978 119.947808484214 115.599064540242 97.8246691782535 66.7182099232193 44.0073676236356 34.7794411352195 30.9084657980332 29.8756741598449 29.6953915755416
"156" 2347 127.550376139448 127.534682760484 127.443782569908 126.833454991984 123.024973312266 106.781302487178 74.8006734724691 46.7247688663262 35.7031810980566 31.5650483669521 30.4907521262402 30.304160223085
"157" 2348 133.928044462471 133.914518230929 133.838954277938 133.330233642026 130.129335069365 115.905552644856 84.4188470566543 50.4738749384334 36.8540259099388 32.337793670346 31.2064260212000 31.0112371111855
"158" 2349 137.723332112695 137.711447830865 137.647130325159 137.213428488412 134.469819185221 121.932848762760 91.777337469592 53.8033364555325 37.7351260902143 32.870758165093 31.6894592544280 31.4868841739457
"159" 2350 138.585980935994 138.575793727567 138.517139339636 138.121620930363 135.613329376712 123.996918696495 94.8844722585955 55.3111076011562 37.9741754989038 32.9382268469976 31.7356105761797 31.5300729937239
"160" 2351 139.376255078704 139.367828470127 139.314395825947 138.953937674505 136.662071056064 125.912588345959 97.8718065148087 56.8806104403211 38.2344262004499 33.0070658110278 31.7801771071986 31.5712514209755
"161" 2352 140.052659608913 140.044915286075 139.996378951164 139.668132462349 137.576267260868 127.649280261746 100.751941239805 58.5607417502977 38.5202904143952 33.0759381031347 31.8211869128037 31.6083630064600
"162" 2353 139.482284066703 139.474887144768 139.428854013072 139.117277775275 137.129593497574 127.645441875807 101.482890496094 59.047087567348 38.4283434281631 32.9001086404636 31.637817237585 31.4241612665113
"163" 2354 138.777301579559 138.770388755487 138.726344906966 138.428757884857 136.527493787679 127.416145712517 101.907435525039 59.3762644975404 38.2948319679226 32.6944469734120 31.4261830446724 31.2119311986913
"164" 2355 138.290448588561 138.283897705447 138.242110616326 137.959625942761 136.153216818523 127.452104641587 102.669576680252 59.9731887713862 38.2490101668496 32.5300845802258 31.2486507034656 31.0327361423252
"165" 2356 137.890936393863 137.884985911962 137.845411431207 137.577783629790 135.864819532067 127.571841792571 103.541569583254 60.7154011137303 38.2559584294088 32.3837302742862 31.0835739857539 30.8651824188372
"166" 2357 137.221130519089 137.215171237620 137.177263593507 136.921053587283 135.279918541304 127.306029378821 103.912177665111 61.1599705593734 38.1787304023556 32.1874797042923 30.8735349195766 30.6533969153422
"167" 2358 136.475277783835 136.470115874097 136.433649281675 136.187321098292 134.608543387397 126.91456238229 104.106182897871 61.5141016461193 38.0852975520486 31.9767680904637 30.6487038562081 30.4267581623719
"168" 2359 135.978272529531 135.973317491308 135.938523333065 135.703479333355 134.196018384242 126.822794262740 104.687460319380 62.2227902537561 38.122853894852 31.8160138255954 30.4603625467465 30.2346083177501
"169" 2360 135.694341455485 135.689733426194 135.656728377786 135.433743270899 134.002527779596 126.974245976995 105.578932356374 63.2592920218533 38.2986330416735 31.7034404244154 30.3044876245282 30.0725728805482
"170" 2361 135.680073252681 135.675301054351 135.644230716113 135.434339184054 134.086039514382 127.435457828481 106.872031676358 64.7405982948694 38.6734746142779 31.6582745092682 30.1926232633223 29.9510536838116
"171" 2362 135.709163928884 135.70463110552 135.675431790573 135.478152505436 134.209867783404 127.927361462402 108.208814018023 66.3773862229939 39.1611441345501 31.6407606805553 30.0912615887237 29.8374501272924
"172" 2363 135.771835570572 135.767651266484 135.740233408144 135.555040453164 134.363554610220 128.437566715475 109.569258845328 68.1485161434143 39.7692672902352 31.6530657969359 29.9996901979712 29.7305827011589
"173" 2364 135.646911920840 135.642482243573 135.616587444628 135.441868054252 134.316636477751 128.701283372301 110.605236063914 69.6937691445882 40.3480903646687 31.6435298934374 29.8820763006952 29.5969326345055
"174" 2365 135.365984773846 135.361718149509 135.337218259008 135.171520713844 134.103500709466 128.758654858105 111.358401789769 71.0123240303968 40.8863483394729 31.6147120239040 29.7417274101722 29.4398435015967
"175" 2366 135.370198685299 135.366191329128 135.343244658366 135.187349422255 134.181534931067 129.132630237618 112.505317380809 72.8070564641539 41.7327752952427 31.6887933302831 29.6520151243645 29.3251829958535
"176" 2367 136.463837618417 136.460431768552 136.439496178247 136.297461030504 135.379556436049 130.750735830382 115.235946023323 76.4534821749308 43.7134733911078 32.1491741494746 29.7645093783493 29.3841613682064
"177" 2368 137.931335590969 137.927910855142 137.909289390599 137.781996908554 136.958556079767 132.785020297199 118.529007074128 81.0230712549265 46.5161455703347 32.8858414812793 29.9869534043427 29.5277479544697
"178" 2369 138.718208029700 138.714997379217 138.698021388005 138.582281780390 137.832643904458 134.018920806077 120.804734996644 84.624131320409 48.9816299027132 33.524215978902 30.1170146636159 29.5794242114903
"179" 2370 139.261183702254 139.257644025740 139.242132145165 139.136522568447 138.450727540185 134.951504973171 122.677978580460 87.8692750056147 51.4087317067617 34.1858018138926 30.2261582507369 29.6020404299884
"180" 2371 140.102788126095 140.100063682004 140.086024718675 139.990618835773 139.371316710633 136.200474011865 124.93463996027 91.7365869239602 54.513428516451 35.1543522147022 30.4370034701975 29.6918508682562
"181" 2372 140.716040669836 140.713403084719 140.700873996593 140.614277850964 140.053224157481 137.171538492232 126.818695646659 95.2539082814037 57.598521621024 36.1942302433051 30.6402554338604 29.7590921885589
"182" 2373 140.520363396111 140.517931347046 140.506153227006 140.424254255886 139.902030404414 137.213836314283 127.485040325045 97.1703764739073 59.5098515644173 36.8285297341964 30.6654569547052 29.6812053005261
"183" 2374 140.676971050642 140.674912779697 140.664172458880 140.588662251028 140.107687510982 137.628407897535 128.584468103037 99.6914576352382 62.0504538752763 37.8023243606114 30.8045264139487 29.6715630166893
"184" 2375 141.589166251208 141.587154841649 141.577781350213 141.510131727232 141.080403778399 138.859593263877 130.675992454772 103.657799508508 66.1268621807331 39.6133343139027 31.2178241250931 29.8264759146443
"185" 2376 142.522662173047 142.520688957568 142.512380420207 142.452355659559 142.070832725702 140.094450136371 132.742394526992 107.688444121096 70.597541509556 41.8432114590767 31.7419741318388 30.0180382300335
"186" 2377 143.756405818539 143.754818100048 143.747651060726 143.695027341249 143.362608567248 141.636091127943 135.150718463575 112.302596822716 76.0512899652868 44.9141630391388 32.5226838865012 30.3186743052352
"187" 2378 144.882441130837 144.881036205998 144.874873669085 144.829124260823 144.541098025575 143.041528945973 137.359535759170 116.719625026023 81.7296390391716 48.5195578426647 33.4702565415979 30.6556501152263
"188" 2379 145.374710581275 145.373132874772 145.36761746051 145.327104510895 145.072254493995 143.742987638128 138.674570639866 119.838130606833 86.222610147719 51.6895457683509 34.2981957824994 30.8803384721665
"189" 2380 145.816343479963 145.815070375956 145.810404170494 145.774518620653 145.549046528601 144.371942014933 139.858232791758 122.731831564353 90.6589244331284 55.1020127099144 35.2590818774214 31.1261726724323
"190" 2381 146.42998911567 146.428663893675 146.424591068114 146.393286124004 146.196301761637 145.166567535973 141.196320440478 125.819319388631 95.5646296341128 59.2133878410231 36.5493210835391 31.4691245533063
"191" 2382 147.269103712605 147.267996965916 147.264490376793 147.237560617648 147.068433277458 146.182911079145 142.749644892231 129.177436224907 101.074845838881 64.2674095129095 38.3364809826635 31.9541659644823
"192" 2383 148.469153749809 148.468378552298 148.465555592484 148.442791077166 148.302112797337 147.562906320740 144.679994398025 133.041103526052 107.582765639910 70.8489501788835 41.0110079695738 32.689584623757
"193" 2384 149.61287292591 149.611743132263 149.609567350791 149.590826805855 149.475021311487 148.865906886004 146.478221004614 136.653135042775 114.036292031172 78.1509560742909 44.4453436787716 33.5905361740643
"194" 2385 150.92705462689 150.925967410965 150.924432024072 150.909675487904 150.816928642366 150.330151895945 148.413505495128 140.380831888699 120.930344599367 86.8271678858756 49.2586040350534 34.8395566503401
"195" 2386 152.367424205513 152.365968865368 152.364892412866 152.353663140672 152.282575148258 151.910406667484 150.436717198244 144.155301425325 128.170691538946 97.0596138832984 56.1518349197447 36.6313825754251
"196" 2387 153.480596134454 153.479456330813 153.478660284962 153.469951434653 153.416062209699 153.133268990890 152.009763526350 147.154970164976 134.287666841596 106.844017579717 64.2241403925128 38.7857717972625
"197" 2388 154.297572443972 154.296591553411 154.295882718478 154.289380500044 154.248358119903 154.033424874465 153.177180305435 149.437460377687 139.199373195483 115.605725793816 72.9601456872008 41.3040034833056
"198" 2389 155.025625979420 155.024858791140 155.024294398393 155.019589330065 154.989198501373 154.830164424863 154.194896998046 151.395441846772 143.511605560878 124.004395451124 83.0157334655036 44.6098512579869
"199" 2390 155.351342880784 155.350660375532 155.350169907588 155.346600469671 155.323272463903 155.201748306051 154.714871333527 152.556585401456 146.354464761503 130.179109164255 91.876524326592 48.026175669913
"200" 2391 155.023356009774 155.022878674282 155.022377064953 155.019398134598 155.000142698239 154.899574374891 154.496079990926 152.701241954183 147.481338499356 133.421898180516 97.4689811856195 50.4759307252787
"201" 2392 154.710893990715 154.710586956916 154.710118479234 154.707593627987 154.691557467022 154.607789429790 154.271335829511 152.770207203119 148.359110983371 136.135609381541 102.600788345516 53.023261107947
"202" 2393 154.752915852119 154.752784431454 154.752300679917 154.750262970201 154.737321304177 154.669696623669 154.397763156685 153.180664121017 149.565315139066 139.240513597645 108.651131929286 56.5314005425904
"203" 2394 155.031978014118 155.031868435136 155.031487229349 155.02989727641 155.019761460958 154.966782299987 154.753440187096 153.795633122210 150.919710751065 142.456583608057 115.333423284621 61.2317920875603
"204" 2395 154.943988621535 154.94363769445 154.943432643320 154.942097859294 154.933988280853 154.891034452408 154.717982399280 153.939315458300 151.582184829878 144.488554213274 120.360563337247 65.6066769062394
"205" 2396 154.664286417922 154.663888997015 154.663646410949 154.662574228968 154.655797327461 154.620055012950 154.476046164890 153.826772895539 151.848538384452 145.789007655085 124.181291040286 69.5803577252745
"206" 2397 154.770605029229 154.770275857685 154.770080506735 154.769215737761 154.763779486166 154.735154397607 154.619446773414 154.096911550827 152.493311629121 147.485916868501 128.692266694664 74.9547744820076
"207" 2398 155.01466973891 155.01430360041 155.014152156003 155.013483240382 155.009200541901 154.986687660459 154.895570492518 154.483275497578 153.208950310780 149.154675283879 133.178849403397 81.3626462468235
"208" 2399 154.999399353457 154.998837230324 154.99878457467 154.998200998640 154.994787932322 154.976642040077 154.903229945384 154.570294005420 153.535452221784 150.192760636319 136.509580373737 87.2482986191337
"209" 2400 154.677504269022 154.677081515288 154.677008197486 154.676526779547 154.673699932503 154.658550928685 154.597294736517 154.319145729261 153.450495856186 150.611496862684 138.6553206995 91.9901367509306
"210" 2401 154.555568724743 154.555373672224 154.555342980512 154.554964394408 154.5526603623 154.540158639273 154.489757808399 154.260316665842 153.540410665257 151.159285875541 140.849894886758 97.2044139223462
"211" 2402 154.877653048367 154.877645100308 154.877647478408 154.877310377719 154.875513449844 154.865702071092 154.826104248053 154.645621644435 154.075895511766 152.164969569352 143.635242807346 104.028355236666
"212" 2403 155.187078059697 155.187008266483 155.186964125670 155.186720671963 155.185304381396 155.177644281478 155.146921411210 155.006288901839 154.559713136104 153.041652820417 146.078377270744 110.914166602466
"213" 2404 155.463790681294 155.463762621692 155.463682686812 155.463517381931 155.462367136094 155.456506186423 155.432727083523 155.323730272171 154.975378087282 153.77552424813 148.138507717803 117.488372225235
"214" 2405 155.844739791035 155.844738859176 155.844679291741 155.844561035168 155.843701937185 155.839315930341 155.821494858464 155.739654850548 155.476179705127 154.555395424851 150.127801012636 124.310379742874
"215" 2406 156.165269869836 156.165256756654 156.165221631099 156.165135189211 156.164496246359 156.161254464776 156.148052208883 156.087302190172 155.890143735284 155.190662880617 151.755855478402 130.509858539069
"216" 2407 156.407419790289 156.407439573130 156.407408569885 156.407345234750 156.406875069994 156.404483620110 156.394734883704 156.349753637189 156.202504994481 155.671862836186 153.016477945648 135.793588547907
"217" 2408 156.520313537555 156.520206628919 156.520165324786 156.520140968357 156.519743601313 156.51796458416 156.510630680554 156.476739803648 156.364755363512 155.954895846929 153.870135169432 139.863102704226
"218" 2409 156.622434750339 156.622284448771 156.622245280036 156.622241005298 156.621923833786 156.620596280575 156.615096531886 156.589634640852 156.504599568978 156.188176238048 154.553287836564 143.255075775346
"219" 2410 156.755846776965 156.755751595008 156.755727777502 156.755720499888 156.755487025376 156.754513540925 156.750484238690 156.731758070362 156.668458103243 156.428336068868 155.167367745887 146.25252950317
"220" 2411 156.819781860274 156.819644138789 156.819635231966 156.819630584793 156.819458122061 156.818750307801 156.815733255636 156.801729121975 156.753783650433 156.568304248926 155.579554728913 148.479922617022
"221" 2412 156.855185017404 156.855077962359 156.855091304759 156.8550851443 156.854954244399 156.854429231543 156.852164158693 156.841609161300 156.804983796945 156.660314164779 155.877820185418 150.199117296824
"222" 2413 156.880967079589 156.880988893416 156.880999952944 156.880994186787 156.880899862285 156.880505363201 156.878808593654 156.870835797904 156.842791418785 156.729479940541 156.107583434843 151.563231011712
"223" 2414 156.572472303708 156.572281754313 156.572338070302 156.572307491362 156.572211564227 156.571916683738 156.570580757580 156.564260344929 156.541444850824 156.447854073529 155.928172595885 152.117637521087
"224" 2415 155.912071621771 155.911896661294 155.911923243812 155.911899022380 155.911816106664 155.911567084208 155.910436805503 155.905100645462 155.885531798366 155.804199610663 155.348673834294 152.002819773972
"225" 2416 155.401521352214 155.401393546687 155.401414278227 155.401488285163 155.401353613478 155.401143845317 155.400160989907 155.395635417618 155.378933587163 155.308200599647 154.908725066369 151.971219708526
"226" 2417 155.064988033384 155.064931434622 155.064951935152 155.065015421747 155.064791032667 155.064727004609 155.063797127656 155.060002994133 155.045784960035 154.984682548964 154.636123537543 152.071616295162
"227" 2418 154.581705090185 154.581634851367 154.581668504389 154.581730059829 154.581511091346 154.581481180992 154.580662768568 154.577404045839 154.565092343377 154.511342852533 154.202419223352 151.929031114986
"228" 2419 153.878616928600 153.878566895131 153.878591190209 153.878625828276 153.878435518329 153.878403806767 153.877705233575 153.874832796677 153.863884316618 153.815500440955 153.535736960359 151.477508354718
"229" 2420 153.056529175142 153.056428407390 153.056440091334 153.056504087764 153.056324648710 153.056308003572 153.055687209288 153.053095409321 153.043189026547 152.998993232739 152.742003304861 150.852046312415
"230" 2421 152.616669238943 152.616801380858 152.616904841327 152.616997674711 152.616627968659 152.616663746102 152.616105454497 152.613819442898 152.605152061937 152.565529485184 152.332728868504 150.623116525002
"231" 2422 152.536616709652 152.536710660420 152.536804204771 152.536875453783 152.536550865011 152.536574039518 152.536082616011 152.534129176157 152.526577503685 152.491625640623 152.284802603508 150.767127186766
"232" 2423 152.453567730094 152.453614797563 152.453669487216 152.453819941475 152.453456647381 152.453300459801 152.452773725543 152.451233993929 152.444739607996 152.413988722157 152.230148644094 150.882688091591
"233" 2424 152.012411678343 152.012299812945 152.012356434881 152.012643260685 152.012132248860 152.012138142465 152.011767039016 152.010404846222 152.004489923327 151.976828408252 151.810154258531 150.590221178241
"234" 2425 151.272276458887 151.272185549667 151.272310004845 151.272500497630 151.272164092646 151.271953585355 151.271819466155 151.270695742473 151.265139737930 151.239613574199 151.085477233415 149.958121589517
"235" 2426 150.603070146962 150.602989697095 150.603225407959 150.603296463651 150.603041558960 150.602857737704 150.602683893262 150.601650041692 150.596541005030 150.573029381660 150.430493190383 149.388081537134
"236" 2427 150.042017614644 150.041957863088 150.042185427843 150.0422423275 150.041984719740 150.041824417515 150.041687115765 150.040749398443 150.036110735855 150.014444400354 149.882723509256 148.920486689583
"237" 2428 149.748003443224 149.747982200981 149.748218144824 149.74822306589 149.748028133561 149.747879709489 149.747729536611 149.746883792250 149.742728253487 149.722943959154 149.602512673037 148.723350019319
"238" 2429 149.640459300391 149.640513073019 149.640756046686 149.640840357216 149.640536593881 149.640434658372 149.640366966389 149.639622655296 149.635926105660 149.6180094541 149.508734216156 148.711919621321
"239" 2430 149.583012313511 149.583000552072 149.583240915522 149.583306557070 149.583048343347 149.582922700854 149.582905933329 149.582224683927 149.578921941937 149.562736349837 149.463887331357 148.743680972054
"240" 2431 149.604943533052 149.605354407431 149.605345531747 149.605528095924 149.605199168759 149.605153334767 149.605056116285 149.604324222469 149.601378831181 149.586962805944 149.497776316148 148.849470464959
"241" 2432 149.526650770377 149.527102295443 149.527113100551 149.527089151237 149.526568156885 149.526612805452 149.526536094622 149.526042734121 149.523093093490 149.510404014279 149.429449905881 148.844155521696
"242" 2433 149.069765426294 149.070411743525 149.070217375676 149.070262417633 149.069541916710 149.069664774192 149.069722018803 149.069212133902 149.066497348413 149.054987060193 148.980267581628 148.441797456949
"243" 2434 148.757004188247 148.757799447992 148.757820125817 148.757871554530 148.757233931669 148.757177849913 148.757253827317 148.75684637246 148.754239598682 148.743629882918 148.675256872073 148.181622168875
"244" 2435 148.858055567121 148.858946451540 148.858683317772 148.858849829808 148.858201025547 148.858214357986 148.858286543946 148.857856856491 148.855536575925 148.845992557582 148.784440524651 148.340142592609
"245" 2436 148.886927044597 148.887468516312 148.887434159813 148.887607550416 148.886994103401 148.887134450654 148.88709641717 148.886731241691 148.884659861674 148.876060597219 148.820625843683 148.419834610645
"246" 2437 148.563900206723 148.564456359992 148.564329857283 148.564475728682 148.563576019350 148.563820720468 148.564019946409 148.563551387693 148.561767325701 148.553839414189 148.502967565402 148.135793657686
"247" 2438 148.020784541486 148.021243121378 148.021114867217 148.021268585598 148.020467935179 148.020673880115 148.020861782360 148.020436142949 148.018797116027 148.011461420539 147.964197744618 147.623600620353
"248" 2439 147.526836088621 147.52754842223 147.527438611759 147.527586501612 147.526820664072 147.526919601285 147.527134021637 147.526763086095 147.525225252087 147.518304020487 147.474455651554 147.158299944101
"249" 2440 146.897335241033 146.897795257819 146.897790462359 146.897900134284 146.897173930300 146.897261610390 146.89729742729 146.896952955844 146.895494569207 146.889077236393 146.848161797571 146.552163472481
"250" 2441 145.903607514498 145.904005448945 145.903845737055 145.904014853628 145.903103975622 145.903349294388 145.903465655297 145.903037154857 145.901575304436 145.895520817617 145.856384112483 145.573903515229
"251" 2442 144.899957461789 144.900496601354 144.900320630064 144.900329592448 144.899650749768 144.899797788513 144.899770625 144.899475723870 144.898107308107 144.892438157381 144.854693587957 144.584180499544
"252" 2443 144.547693892345 144.548265953646 144.548111873002 144.548073149779 144.547438789393 144.547556094940 144.547526401875 144.547266068166 144.546009495382 144.540767081084 144.505379590207 144.252128486899
"253" 2444 144.795599588447 144.796038419776 144.795868872256 144.795956099577 144.795259546878 144.795348162692 144.795267123911 144.795342568858 144.794189501159 144.78909859231 144.756675619357 144.525021184994
"254" 2445 144.625123881329 144.625220286389 144.625267550527 144.625323118563 144.624768953846 144.624830955746 144.624542903587 144.624289842513 144.623462214599 144.619004444264 144.588821999242 144.373948354537
"255" 2446 144.596428931440 144.596595644946 144.596506222096 144.596659244141 144.596135858142 144.596225771693 144.596022159747 144.595735699585 144.595073842655 144.590930410436 144.562963677303 144.364337109745
"256" 2447 144.246417665327 144.246850709336 144.246614225681 144.246986933512 144.246295657376 144.246241150035 144.245986444523 144.24585690363 144.245209910321 144.241424145128 144.214878540815 144.0293457337
"257" 2448 143.598255612078 143.599196928355 143.598902203228 143.599296699198 143.598730670278 143.598553072532 143.598412895566 143.598161820804 143.597711481096 143.594187402540 143.568764907261 143.393225499458
"258" 2449 143.536907338304 143.537834696227 143.537769269754 143.538557479977 143.537612708738 143.537625273737 143.537172653621 143.537091878502 143.536518215569 143.533280871045 143.509896916859 143.346738125415
"259" 2450 144.068545144135 144.069735603627 144.070383951196 144.070662910802 144.069669560450 144.069754635065 144.069655828254 144.069210654821 144.068680713527 144.065767533551 144.044380788658 143.896379013039
"260" 2451 144.491486303822 144.492503572284 144.493015113323 144.493244750518 144.492422382478 144.492390890455 144.492458173830 144.491807832166 144.491505600401 144.488844396072 144.469258127774 144.334748745418
"261" 2452 144.380496416588 144.380961378285 144.381632151706 144.381984380798 144.381159463192 144.38123287912 144.381289608734 144.380681200947 144.380341527590 144.377857942372 144.359807926555 144.235273583771
"262" 2453 144.762721139750 144.763486101822 144.763999216958 144.764214107276 144.763470383006 144.763544653099 144.763609370577 144.763033831191 144.763006280178 144.760566415402 144.744025240627 144.630777469453
"263" 2454 145.693775088666 145.694311146560 145.694746328551 145.694904677934 145.69430452392 145.694506960854 145.694500464831 145.694044053092 145.694035614080 145.691860736307 145.677146562593 145.576559470775
"264" 2455 146.359198613203 146.359640994225 146.359729259232 146.360076750777 146.359515735121 146.359442177665 146.359458602929 146.359108285309 146.359078122342 146.357112748918 146.344097589288 146.254435048180
"265" 2456 146.268410777120 146.268788907584 146.268845971597 146.269124014997 146.268604951042 146.268404272532 146.268618914803 146.268284539720 146.268146610591 146.266366593056 146.254499259302 146.172233427372
"266" 2457 145.696587256795 145.696989217279 145.697010699694 145.697284889198 145.696763979650 145.696604353543 145.696820092609 145.696526691114 145.69631858631 145.694684074743 145.683617230063 145.606612201560
"267" 2458 144.842053011887 144.842215155430 144.842159714683 144.842502268395 144.841912332808 144.841848064295 144.842128464839 144.841947518399 144.841633992852 144.840109315701 144.829591343580 144.756389360987
"268" 2459 143.720853997528 143.720658943548 143.720699026249 143.721179996224 143.720617633881 143.720521060508 143.720834695526 143.720675250825 143.720395229320 143.718880881549 143.708749953292 143.638050121137
"269" 2460 143.047076484497 143.047335826023 143.047099729190 143.047589718232 143.047047262858 143.047075202945 143.047349592485 143.047131399525 143.046958152314 143.045525116506 143.035878796509 142.968534815156
"270" 2461 143.223967796891 143.224070084188 143.224258285316 143.224451737834 143.223919300235 143.224039018936 143.224206782034 143.223832428734 143.223830327344 143.222583493294 143.213560431850 143.151355708294
"271" 2462 143.772813689797 143.772794000571 143.773352957699 143.773240605424 143.772825012099 143.773124843363 143.773120507912 143.772760936153 143.772726380756 143.771571047143 143.763319530033 143.706750955038
"272" 2463 143.652904441846 143.652584756769 143.652999279429 143.652838397961 143.652429453433 143.652764038282 143.652743380480 143.652328112881 143.652334008159 143.651308639914 143.643665923397 143.591054546984
"273" 2464 142.992958514118 142.993840848384 142.993871757908 142.993841306450 142.993570133128 142.993671350108 142.994054185371 142.993305612017 142.993358911942 142.992389590115 142.98510195096 142.935301727461
"274" 2465 142.471406249131 142.471794535711 142.471793259241 142.471863394523 142.471620197570 142.471723833454 142.472175940715 142.471467438649 142.471457364427 142.470501772917 142.463645557787 142.416523283828
"275" 2466 142.230595313236 142.231666359805 142.231683840448 142.231600823933 142.231460905029 142.23159630908 142.231901609551 142.231571863234 142.231132639677 142.230360148389 142.223919526575 142.179703216537
"276" 2467 142.120692164670 142.121429546212 142.121604274946 142.121515026586 142.121479832956 142.121677256842 142.12179166949 142.121631025086 142.121254969141 142.120443306389 142.114409476217 142.073053263492
"277" 2468 141.764871441275 141.765324816276 141.765626541709 141.765502098644 141.765564719647 141.765782741415 141.765776997477 141.765688836321 141.765351648717 141.764589463583 141.758889666625 141.719876090765
"278" 2469 141.026555594287 141.027042083340 141.027191030116 141.026913929226 141.027291702808 141.027541876496 141.027264894284 141.027183890194 141.026954884405 141.026195280872 141.020744629052 140.983371945889
"279" 2470 140.271109606468 140.271902928471 140.272019707022 140.271843810286 140.272225065070 140.272403248157 140.27232451693 140.271990117477 140.272092520647 140.271030411165 140.265935919072 140.230021645321
"280" 2471 140.047760589987 140.048891348598 140.048917678661 140.04839316595 140.049147630279 140.049185325908 140.049052983980 140.048563516263 140.048839320872 140.047854218164 140.042994075224 140.008941421856
"281" 2472 139.733639583494 139.734404223166 139.734723210969 139.734152553453 139.734913853754 139.734842111923 139.734717410161 139.734326246697 139.734543533123 139.733637177015 139.728975387382 139.696748317417
"282" 2473 139.085484601072 139.086237517791 139.086543150127 139.085918589321 139.086793007657 139.086597780624 139.086607326121 139.086241901410 139.086408633603 139.085446583765 139.080964150205 139.050070734809
"283" 2474 138.464838840253 138.465843249826 138.465988232873 138.465347687042 138.466161569914 138.465907875776 138.466008350326 138.465622090299 138.465827880559 138.464841396699 138.460577440472 138.430899552091
"284" 2475 137.642649746408 137.643344569845 137.643584921008 137.643057394779 137.644025209245 137.643670270226 137.643798103634 137.643390402724 137.643562504484 137.642659971677 137.638527935956 137.609848052166
"285" 2476 136.577095871491 136.577682181921 136.577914709494 136.577564213637 136.578498760027 136.578187156879 136.578352870010 136.57781302504 136.577986513474 136.577111664402 136.573053602259 136.545037729410
"286" 2477 135.464756399260 135.465293171484 135.465529969911 135.465189143858 135.466097191875 135.465807926922 135.465961816232 135.465448031134 135.465605282612 135.464760828463 135.460786094387 135.433276593748
"287" 2478 134.471477934982 134.472445789826 134.472807976754 134.472529148633 134.473251736996 134.473425987550 134.472981267378 134.473197721150 134.473019143300 134.472373050499 134.468230981527 134.441539088184
"288" 2479 133.695564168439 133.696556339842 133.696992062595 133.696699372813 133.697382565925 133.697615234326 133.697149066945 133.697345326018 133.697191723294 133.696488134359 133.692542015208 133.666615912041
"289" 2480 132.811687730979 132.812299272467 132.812923190849 132.812678538828 132.813397441168 132.813614943124 132.813147495402 132.813352022321 132.813205343475 132.81253612012 132.808656774078 132.783387510820
"290" 2481 131.864045658212 131.864839388670 131.865339630859 131.865057987772 131.865877707127 131.866113859564 131.865401784054 131.865769606852 131.865567449896 131.865050432436 131.861199763082 131.836482266498
"291" 2482 130.852070915531 130.852799326295 130.853299786712 130.853072037488 130.853932733711 130.854116626598 130.853346986534 130.853776747970 130.853573125292 130.853009515185 130.84926156658 130.825004628904
"292" 2483 129.826138675713 129.827168816408 129.827538050332 129.827247909259 129.828075642795 129.828253466836 129.827431040831 129.827934904997 129.827745040782 129.827124559682 129.823597945965 129.79959455613
"293" 2484 128.848738725446 128.84966371573 128.850029004834 128.849808265012 128.850547941895 128.850726602562 128.849956963158 128.850400843922 128.850202835604 128.849598143063 128.846179152800 128.822593515031
"294" 2485 128.081601661639 128.083050465121 128.083353235535 128.083234704784 128.083945182100 128.084228840275 128.083279109588 128.083739064250 128.083593930144 128.082862717876 128.079738736678 128.056681313232
"295" 2486 127.706887409234 127.708942843169 127.709152378829 127.709026751702 127.709651679951 127.709857151704 127.708966969294 127.709439099537 127.709292904512 127.708593608219 127.705586683688 127.683240713913
"296" 2487 127.126489719779 127.127869430959 127.128213489846 127.127887911633 127.12862245304 127.128778691329 127.127845353350 127.128313302692 127.128299806749 127.127668964326 127.124753714191 127.102847938356
"297" 2488 126.642705517040 126.645295560328 126.645559220836 126.645490636458 126.645787223165 126.646246011328 126.645316204045 126.645864198408 126.645841009683 126.645167694534 126.642362210255 126.621062399682
"298" 2489 126.240154600573 126.242867150279 126.243069446078 126.243095849930 126.243340547049 126.243428781227 126.242749625142 126.243399612368 126.243185653178 126.242614503505 126.239972793477 126.219152166431
"299" 2490 125.369909436138 125.372498281554 125.372597397086 125.372808889743 125.372922252143 125.373063873219 125.372395191499 125.373038360147 125.372812240039 125.372255623041 125.369648836012 125.349172244757
"300" 2491 124.441181625970 124.444463537447 124.444660669590 124.444609918733 124.444684221796 124.444580327626 124.444015310508 124.444737289272 124.444473810821 124.443841382366 124.441367408357 124.421234260491
"301" 2492 123.668882205889 123.672061720471 123.672522464864 123.672322020243 123.672340534917 123.672224232676 123.671645247255 123.672415895669 123.672174017826 123.671482646271 123.66919992054 123.649263304217
"302" 2493 122.915462317662 122.918277234202 122.919022697299 122.918483179668 122.918538829042 122.918571603552 122.917797150906 122.918849406191 122.918327285922 122.917674555274 122.915351912307 122.895136977141
"303" 2494 122.132570195785 122.135330878701 122.136024266709 122.135398503090 122.135507547980 122.135692371017 122.134865267806 122.135845099426 122.13537394723 122.134781537189 122.132013853635 122.110032945176
"304" 2495 121.440295171648 121.442987102004 121.443696837297 121.443068670672 121.443185205860 121.443350610678 121.442537707941 121.443480001467 121.443038405356 121.442354433369 121.438936702904 121.412782329388
"305" 2496 120.976579096864 120.979271838016 120.97939795853 120.979315601356 120.979082146293 120.979438594621 120.978831041138 120.979712767238 120.979315714804 120.978357327204 120.973777083583 120.939425393679
"306" 2497 120.436319444706 120.439230752827 120.439093964636 120.439247398018 120.438893982455 120.439493368426 120.438650267036 120.439571905346 120.439091078965 120.438055800330 120.432147339517 120.389503532613
"307" 2498 120.107716627716 120.110986166415 120.110571336854 120.110984005093 120.110993397458 120.111237823763 120.110641757431 120.111374808024 120.110821662657 120.109640751552 120.101934168639 120.047656876443
"308" 2499 120.081065321737 120.084513181003 120.083985700797 120.084416928601 120.084237230787 120.084496218812 120.084109038746 120.084674086056 120.084210394965 120.082676001568 120.072482922029 120.002898552854
"309" 2500 119.431081837445 119.434303503904 119.433513678412 119.434126156807 119.433972063490 119.434383470783 119.433938036063 119.434390427268 119.434009761234 119.432577249915 119.420858957314 119.344251440442
"310" 2501 118.541124111820 118.544363002484 118.543827956285 118.544212037539 118.544205101169 118.544421505319 118.54404349365 118.544369074701 118.544076542350 118.542595609244 118.530717387283 118.452852538299
"311" 2502 117.714579072850 117.717791980867 117.717331040891 117.717612367443 117.717700289864 117.717862387971 117.717526700522 117.717788990772 117.717553659254 117.716075823112 117.704153538413 117.626237945741
"312" 2503 116.864373616176 116.867393588956 116.867130668722 116.867222458968 116.867242395788 116.867563828741 116.867282058176 116.867394593465 116.867285037843 116.865636757134 116.853766573919 116.775583031236
"313" 2504 115.998281952617 116.001414867207 116.001174219396 116.001130808076 116.001185875515 116.001556307079 116.001209211406 116.001287872942 116.001322826358 115.999616315959 115.987652780709 115.908883359365
"314" 2505 115.265234752673 115.268933656981 115.268891007303 115.268969021848 115.268856083328 115.269114595103 115.268885755393 115.269124506953 115.268720102259 115.267146701275 115.254808796790 115.172383041200
"315" 2506 115.261032532495 115.263806860603 115.263886370744 115.264089344369 115.263762145955 115.264000552352 115.263838434152 115.264053770394 115.263609555378 115.261831075002 115.247466946841 115.152868976562
"316" 2507 115.567776887648 115.570554178876 115.570626043778 115.570839782598 115.570553383779 115.570785146736 115.570600422008 115.570740942046 115.570223418747 115.568162307572 115.551878874254 115.443890161448
"317" 2508 115.818152462004 115.820641038257 115.820692901890 115.821014492278 115.820567438434 115.820555827377 115.820428586140 115.820598804089 115.819977514452 115.817840116120 115.799894500327 115.680624725773
"318" 2509 115.390261283858 115.392715896702 115.392821342571 115.393426322651 115.392625648307 115.392635292183 115.392769991811 115.392652540725 115.392091005362 115.389836067402 115.371289049523 115.247246204144
"319" 2510 114.615205728354 114.617742296806 114.617817482101 114.618462526771 114.617626294495 114.617640643417 114.617693755838 114.617619066454 114.617019767216 114.614483321829 114.594027205311 114.458573308644
"320" 2511 113.832419368334 113.834914377893 113.834988270249 113.835624778163 113.834799859773 113.834808397747 113.834823535603 113.834491278051 113.832167410964 113.818483426930 113.741524886319 113.468346899643
"321" 2512 113.018713727174 113.021173923505 113.021239766542 113.021870092383 113.021050802786 113.021034349798 113.020889250798 113.019483408029 113.010072005983 112.956448783596 112.761486055911 112.389976326750
"322" 2513 112.213778788607 112.216265470373 112.216304511877 112.216934500987 112.216117146145 112.216048571910 112.215524034726 112.211546116005 112.185829915756 112.056988496359 111.733101198391 111.306872334988
"323" 2514 111.400033006511 111.402498372742 111.402512238295 111.403144395683 111.402337250708 111.402164208516 111.401030592124 111.392995927718 111.343103275346 111.129613150058 110.719039713297 110.270106561744
"324" 2515 110.609878524315 110.612407196447 110.612438149359 110.613025362633 110.612233842479 110.611838622982 110.609170099911 110.591293763907 110.490155365984 110.159744017285 109.68262457954 109.222994631763
"325" 2516 109.868722819658 109.871246615697 109.871298228286 109.871826910471 109.870973616131 109.870025588340 109.863939474344 109.824278804749 109.624985080114 109.137158872404 108.598317377239 108.131307658017
"326" 2517 109.079682615394 109.082225899239 109.082267952288 109.082787116014 109.081907975138 109.080453622623 109.071208456091 109.012671916344 108.738968861907 108.161831772114 107.597024451456 107.129281080111
"327" 2518 108.395544042939 108.398421224439 108.398440248354 108.398844473713 108.397953388009 108.395466833658 108.378802782301 108.276756314543 107.854349958554 107.135093845294 106.534641622945 106.065230791283
"328" 2519 108.053699720291 108.056900267457 108.056872571505 108.056947341860 108.055839616652 108.050628349068 108.015694716612 107.807484372511 107.046172670381 106.035833527238 105.365052448386 104.889488212285
"329" 2520 107.836879216522 107.840415691765 107.840338689412 107.840418344919 107.838841556405 107.830553538697 107.774882820897 107.445724843652 106.294886863312 104.950262080525 104.198667178421 103.715401163876
"330" 2521 107.440652879511 107.443907382991 107.443967895543 107.444024216314 107.441917547946 107.431676362291 107.362016734498 106.949315160772 105.511843259167 103.897210812178 103.076934346715 102.587259664428
"331" 2522 106.995279630157 106.998918238012 106.999070331548 106.999081608814 106.996784345125 106.985480396415 106.908487533334 106.449629769699 104.808482167146 102.906537013613 101.987658902524 101.485079232715
"332" 2523 106.456663391652 106.460243101369 106.460393305976 106.460425129126 106.458001247256 106.446117817041 106.365543778869 105.882838825369 104.115348003376 101.970887410763 100.946307624818 100.427698255560
"333" 2524 105.749119262004 105.752784481814 105.752931283087 105.752948985542 105.750473332961 105.738488091443 105.656949119651 105.167418870273 103.353193882880 101.080368695926 99.9829271383317 99.4524658997568
"334" 2525 105.005540565129 105.009102372367 105.009252748583 105.009253104539 105.006786058922 104.994778924606 104.913135165310 104.422400324508 102.5903827912 100.240300874145 99.0850702506096 98.5440909089536
"335" 2526 104.261002049961 104.264584900215 104.264668530149 104.264732383866 104.262292192593 104.250304697585 104.169040220717 103.680394773439 101.850966948496 99.4786286295965 98.2976471515201 97.7520718754852
"336" 2527 103.523061837868 103.526599695771 103.526731012660 103.526766425185 103.524343576239 103.512377975415 103.431489092847 102.944911131328 101.117050568157 98.7127228378436 97.4908256534808 96.9357508940293
"337" 2528 102.792969668047 102.796370756168 102.796498572380 102.79653169359 102.794119723092 102.782202445330 102.701617440023 102.216494063088 100.385578945784 97.927879981483 96.6408339080296 96.0691999489206
"338" 2529 102.059856372073 102.063228450410 102.063354627097 102.063385853376 102.060988370795 102.049124107857 101.968896315564 101.485633874205 99.6553698246365 97.1627624599274 95.8318623654101 95.249916577271
"339" 2530 101.334539659394 101.337882471130 101.338006759162 101.338032329179 101.335647832973 101.323823287740 101.243847325823 100.761764217658 98.9287182818872 96.3959324411585 95.0237141413276 94.433255896892
"340" 2531 100.624085190988 100.627389127675 100.627512790221 100.627533415704 100.625155203877 100.613321177843 100.533293089977 100.050379218511 98.2039940883432 95.6109055551882 94.1930188191378 93.5945445856407
"341" 2532 99.9505091091562 99.9539610425315 99.9540800668836 99.9540945585843 99.9517051866267 99.939758665564 99.8589584279705 99.370550862362 97.4885122288557 94.8008406705995 93.3305643536099 92.7242216381715
"342" 2533 99.2730522343682 99.2760078572073 99.2761730446167 99.2761418358995 99.2737486633143 99.261746199021 99.1807620988957 98.69027837018 96.7939189527857 94.0725148321626 92.5883975866052 91.98202337542
"343" 2534 98.6577474115489 98.660599606988 98.6607070456345 98.6608346948744 98.658423890347 98.6466293663237 98.5656471073694 98.0766674682393 96.1848647001597 93.4698534463044 91.9912678268188 91.387965876049
"344" 2535 97.9874462374069 97.990244466878 97.9902826805035 97.9904563192276 97.9880083453762 97.9761405851137 97.8943469948616 97.4005671811127 95.4901521964975 92.7566074338806 91.2768913387167 90.676196007338
"345" 2536 97.3498404638987 97.3525763848229 97.3526149515568 97.3527746775644 97.3502403613948 97.3377660876181 97.251910235816 96.733879855832 94.7385757849228 91.9245704680661 90.428145768809 89.8282263717695
"346" 2537 96.6928934013011 96.6952919750598 96.6953744834147 96.6955146914767 96.6928586433415 96.6799025314253 96.5905423626168 96.0519543464772 93.9907795842938 91.1245212112258 89.6208021431161 89.0230942447247
"347" 2538 96.0274216134782 96.0298019527724 96.029901231779 96.0300539093148 96.0273479962698 96.0142808625632 95.9240586190138 95.3804687712712 93.303470809838 90.4281548979562 88.9273747655201 88.3329192892608
"348" 2539 95.4422973287365 95.444574260762 95.4447101014811 95.444898776469 95.4421563675979 95.4291691711198 95.3391039690386 94.7964498706054 92.7236872595666 89.8564084157494 88.3621281365877 87.7709442782152
"349" 2540 94.9174182869896 94.9196514129254 94.9198168752118 94.9199848770519 94.9172848383766 94.904311315408 94.8146292173072 94.274135073607 92.2095434263408 89.3539039485776 87.8665811374656 87.27845913516
"350" 2541 94.320527840030 94.3226301802524 94.3226781924693 94.3228217751204 94.3202558804308 94.3072641574238 94.2177237728032 93.6781058451253 91.6154397824313 88.7629918832242 87.2804564548436 86.6951520357053
"351" 2542 93.6666583812824 93.6687504161272 93.668799440967 93.668942446665 93.6663551889559 93.6532771838594 93.5630961279555 93.019399937594 90.938199116298 88.0611750374623 86.5738923821183 85.9904729445986
"352" 2543 93.0199704929652 93.0220431703582 93.0220940802432 93.0222266612395 93.0196266489914 93.0064482783276 92.9156235645285 92.3678206338015 90.2691542446804 87.3717153584948 85.8817253929046 85.3005192245526
"353" 2544 92.3965465968749 92.3986045135546 92.3986524835906 92.3987833347875 92.3961784500228 92.3829660360306 92.291915722531 91.7426856029336 89.6388315082937 86.7391733146284 85.252858906256 84.6747285617797
"354" 2545 91.7684970003526 91.7705181901105 91.7705768629392 91.7706798083418 91.7680882140597 91.7546638066398 91.6621365381539 91.1046246318498 88.9738820340738 86.0546166263227 84.568282871721 83.9929143659162
"355" 2546 91.1626028482959 91.1645585266034 91.1646054263185 91.164686804306 91.1620335639443 91.1480295038623 91.0516764018302 90.4722363524988 88.2745824480332 85.3063040198071 83.8138194581526 83.2406162914939
"356" 2547 90.5967490730243 90.5986851453861 90.5986819547797 90.5988086787824 90.595987132026 90.5811830161517 90.4794124860829 89.8685106347406 87.578364297161 84.5444029707979 83.0424700297998 82.4710129902285
"357" 2548 90.0144667596587 90.0160504911637 90.016029846427 90.0161082596365 90.0132879390564 89.9980631412045 89.8934795436181 89.2652963289984 86.9128246946454 83.8167314107753 82.3015563281463 81.7308860674079
"358" 2549 89.397280208584 89.3988567646982 89.398833249883 89.3989098961978 89.3960865079567 89.3808270349134 89.276009585321 88.6460164840555 86.2802712414216 83.1542978095535 81.6279410577272 81.0575695944114
"359" 2550 88.786412593192 88.7879752284217 88.7879519097807 88.7880253543906 88.7852100796183 88.7699751640845 88.6653362615684 88.0360269784127 85.665332826078 82.507076626731 80.959068492515 80.3861188417516
"360" 2551 88.1971271430154 88.1986551541021 88.19863388523 88.1987024099474 88.1958952072148 88.1806938680624 88.076268960634 87.4477634087644 85.0704729264723 81.8610173342871 80.2684936115621 79.6867550529829
"361" 2552 87.7275851929976 87.7296195404171 87.7296184330537 87.7296150607586 87.7268778752064 87.711577048701 87.6070258824443 86.9769688555596 84.5766397351852 81.248721784876 79.5437365507526 78.9346640180703
"362" 2553 87.2449356855232 87.2463290351709 87.2463213360964 87.2463478755964 87.2435994129265 87.2283091650231 87.1238368777103 86.4935406979625 84.0777178351073 80.6486631590687 78.8361935193006 78.1994651351051
"363" 2554 86.6558260563267 86.6572240693792 86.6572257689612 86.6572516371867 86.6545171813173 86.6393039429789 86.5353533571078 85.9079426143395 83.4974740367914 80.0440159828912 78.1949803358885 77.549215824406
"364" 2555 86.0705786315452 86.0719687297013 86.0719681342143 86.0719928974822 86.0692803222072 86.0541479962583 85.9507815950939 85.3267302393593 82.9257920228813 79.4676740950321 77.6034904538238 76.9546949328586
"365" 2556 85.5059152458881 85.5072941788495 85.5073008363975 85.507317846826 85.5046263330137 85.489574140347 85.3867855613165 84.7660943033486 82.3757578243745 78.921582480857 77.0533559778712 76.4047750387065
"366" 2557 84.9421761508913 84.9436204984005 84.943636391109 84.9436847691536 84.940991981381 84.9259785482775 84.823427482149 84.2041308132596 81.8125648077933 78.3319410659508 76.4420716973824 75.7903752619057
