"time" "Control" "Dose 1" "Dose 2" "Dose 3" "Dose 4" "Dose 5" "Dose 6" "Dose 7" "Dose 8" "Dose 9" "Dose 10" "Dose 11"
"1" 2192 100 100 100 100 100 100 100 100 100 100 100 100
"2" 2193 99.4354895682246 99.4354284541346 99.4354284541346 99.4354284541346 99.4354284508598 99.4354284493196 99.435428448096 99.435428450697 99.4354284513225 99.4354251449356 99.4354279832719 99.4354279986654
"3" 2194 98.7845496022505 98.7845281041343 98.7845290364533 98.7845294703162 98.7845299763766 98.784523519304 98.7845300883459 98.784525981701 98.7845255796716 98.7845260023894 98.7845243531744 98.784488934311
"4" 2195 98.1534313530691 98.153441300896 98.1534458784122 98.153446712682 98.1534466042812 98.1534313215062 98.153447577044 98.1534463705697 98.1534371501656 98.1533716244155 98.1529657321707 98.1502117972004
"5" 2196 97.4820347498692 97.4820516128538 97.482054288411 97.4820512989362 97.482045187768 97.4820348874169 97.4820539190074 97.4820434349099 97.4819947244702 97.4816375258984 97.479294480298 97.4644229248917
"6" 2197 96.7982753361318 96.7982939999086 96.798296238018 96.7982933546673 96.7982873569543 96.7982768326334 96.7982945908895 96.7982753657302 96.7981682488439 96.7974148253607 96.7924399682527 96.7622358483149
"7" 2198 96.1221843617374 96.1222151884366 96.1222183737088 96.1222117157754 96.122207141329 96.1221960668935 96.1222148038282 96.1221766258216 96.1219625448119 96.1204720500477 96.1107013919292 96.0550106566236
"8" 2199 95.452275688721 95.4523324245477 95.4523250731458 95.4523250806438 95.452319061473 95.4523002140512 95.4523221420094 95.45225548844 95.451855646425 95.4491053741582 95.4313961107754 95.339051131595
"9" 2200 94.7913298951837 94.7913645421547 94.7913567146065 94.7913566126023 94.79135066066 94.7913330953318 94.791349350154 94.7912510779079 94.7906417778532 94.7864824669316 94.7598536844962 94.626822382136
"10" 2201 94.2532404554155 94.2534346638191 94.2534014448419 94.2534145289752 94.2533897095905 94.2533788313948 94.2534089698075 94.2532336423982 94.2521727217204 94.2451217289424 94.1999132690432 93.977076485422
"11" 2202 94.0513130492622 94.051678359835 94.0516628376538 94.0516865722605 94.0516310979281 94.05163640262 94.0516689312285 94.0513843500566 94.0496392060848 94.0379654217317 93.9627270550333 93.5842545380629
"12" 2203 93.9468158900667 93.9468786202878 93.9468390762308 93.9468616846226 93.9468606289907 93.946838035899 93.9468349600175 93.9464503555258 93.9439628334933 93.9273548179227 93.8198280134023 93.2710571752681
"13" 2204 93.8558493632918 93.8560751086022 93.8558868164419 93.8559590750732 93.8559317462446 93.8559093052625 93.8558709708269 93.8554475328487 93.8518205260962 93.828219459932 93.675588212922 92.909568332187
"14" 2205 94.0389966076167 94.0396658534695 94.0395672963947 94.0396161876704 94.0395914472323 94.0395297254748 94.0397564989413 94.0386958483495 94.0332076213872 93.9965555900571 93.7621068623389 92.6446709550653
"15" 2206 94.2476153404186 94.2476814546601 94.2474800224184 94.2475596165584 94.247810784080 94.2475734319256 94.2475733502117 94.2460216126528 94.2379239468272 94.183798573391 93.8412671448128 92.3106642407532
"16" 2207 94.1587752767926 94.1588662593525 94.1587367280244 94.1586483289877 94.1589906331888 94.1587473047462 94.1587002762382 94.1567190043244 94.146036072962 94.0747670751046 93.6304350837264 91.7613180777627
"17" 2208 93.6966749171132 93.696394926772 93.6963288772739 93.6962552792431 93.696680980663 93.6964801072392 93.6963889037366 93.6941757422818 93.6817935243831 93.5996762472678 93.0935986722596 91.0470788143957
"18" 2209 93.1643259865142 93.1645626120125 93.1645271997372 93.1643805129343 93.164762938235 93.1645910073493 93.1646152527783 93.1621366615178 93.1480264653648 93.054877369047 92.4896722335384 90.2998076158708
"19" 2210 92.8642861950146 92.8644627703082 92.8643068774506 92.8641664543398 92.8645580759758 92.8643781480424 92.8643215726415 92.8613211349682 92.843667063172 92.7272736305393 92.0405201455962 89.5798915267448
"20" 2211 93.3514298771237 93.351791421361 93.3516032112917 93.3514837039216 93.3518538650761 93.3516949128159 93.3513798129867 93.3470767852676 93.3203673976571 93.145195513985 92.1570885151815 89.0652295576692
"21" 2212 93.8727861943922 93.873045605351 93.872877103566 93.8727197819545 93.8730605428762 93.8730815936077 93.8724415804819 93.8667975802168 93.8312249058933 93.597998087763 92.3082807725246 88.5712930280388
"22" 2213 93.7696383920433 93.7699141678649 93.769699108876 93.7695770844621 93.7699549778527 93.7699245617171 93.769199643617 93.7629448686094 93.7232005422644 93.4626476736752 92.0247361000517 87.9327793262751
"23" 2214 93.594422910786 93.5944456147084 93.5943036194561 93.594143788275 93.5945718330643 93.5945046634211 93.5935984080842 93.5868841588114 93.543857432524 93.2613748229751 91.7018674041463 87.2991342647227
"24" 2215 93.3708580969419 93.3712993786614 93.3711598479378 93.3710025143417 93.371448535114 93.3713654847927 93.3703699639927 93.36335974505 93.3182018290034 93.0215837727541 91.3787343838396 86.7144522299984
"25" 2216 92.9723751685538 92.972429592782 92.9723020586657 92.9721394042315 92.9725500011494 92.9724294662768 92.9714209486122 92.9642658338203 92.9182037339841 92.6152665644919 90.9321114386988 86.1104083925114
"26" 2217 92.3737382859495 92.3738588123704 92.3737309185796 92.3735571451287 92.37396230103 92.3738453442467 92.372814966613 92.3656200910616 92.3192678225495 92.014343589328 90.3180449887689 85.4428444941975
"27" 2218 91.7377408085006 91.7378707090514 91.737748695045 91.7375683566836 91.737972701775 91.7378586842372 91.7368303959922 91.7296260272569 91.6831966519052 91.3777467970299 89.6778622818514 84.7891448466552
"28" 2219 91.1059388733637 91.10607706461 91.1059553855306 91.1057799718908 91.1061780936967 91.1060633168299 91.1050318556781 91.0978117850656 91.051221499525 90.7447490073388 89.0393081030085 84.1387161135045
"29" 2220 90.4932687479514 90.4934254326059 90.4932977076376 90.4931296997926 90.4935206146462 90.493405222432 90.4923589687365 90.485060896884 90.4379040768948 90.1277642810624 88.4035197193658 83.4656222375159
"30" 2221 89.9016488585639 89.9018025793321 89.9016719708107 89.9015104936014 89.9018972323836 89.9017800807538 89.9007227890518 89.8933577754366 89.8457212753082 89.5324250625669 87.7906269562983 82.805526460269
"31" 2222 89.3257989316265 89.3259448425997 89.3258166107074 89.3256583517155 89.3260385116189 89.325922464187 89.324862213278 89.3174874117251 89.2697655585135 88.9558371806234 87.2084821503487 82.186192270326
"32" 2223 88.7908974015024 88.7910667963505 88.7909381352574 88.7907816149011 88.7911606982516 88.7910415811716 88.7899805005534 88.7825951540208 88.7347767225693 88.4201305263921 86.6661709540613 81.5949452575522
"33" 2224 88.2689278919089 88.2691014048625 88.268985995666 88.2688161460435 88.2691978943338 88.269068990344 88.2680060923537 88.2606141850716 88.2125881348895 87.896520320335 86.1320530152999 81.0025404714934
"34" 2225 87.7442469042157 87.7444519332807 87.7443141211338 87.7441471928121 87.7445245406986 87.7443987609753 87.7433206946014 87.7359048021772 87.6876541311175 87.3700466512602 85.5945109210249 80.408199788041
"35" 2226 87.2110409369413 87.2112261212867 87.2110954111272 87.2109212522763 87.2113022989102 87.2111664917312 87.2100820946903 87.2026509095785 87.1542487249486 86.8355800705174 85.0518462505427 79.8182134974878
"36" 2227 86.6517042788577 86.6518931173327 86.6517660836294 86.6515942244765 86.6519533601886 86.651804681926 86.6507286312375 86.6432895106682 86.594784880257 86.2753840731803 84.4859071053163 79.2194641553995
"37" 2228 86.0788717387017 86.0790517303027 86.078932605743 86.0787628628565 86.0791218341413 86.0789739095268 86.0778920632681 86.0704431560083 86.0218300294485 85.7017119627754 83.9071457332218 78.6174879995022
"38" 2229 85.4968331109566 85.497026467459 85.4969165666863 85.4967492413823 85.4971065361692 85.4969601597537 85.4958701834146 85.4884305552535 85.4398164240803 85.1197260553254 83.3249977033466 78.0337644524332
"39" 2230 84.9205642095007 84.9207607114729 84.9206520768798 84.9204859452051 84.920841692664 84.92069531176 84.919606729265 84.9121735148281 84.8635989915504 84.5437726247234 82.7505911288018 77.4663004354865
"40" 2231 84.3470806726007 84.3472736020432 84.3471639680734 84.3469991849583 84.3473518848835 84.3472051912353 84.3461160068418 84.3386791610989 84.290066602197 83.970003722768 82.1759985489655 76.8954181732945
"41" 2232 83.7896799099157 83.7898926333119 83.789765116509 83.7896014179856 83.7899512862746 83.7898044189777 83.7887160731953 83.7812847375746 83.7326970697458 83.4128219149332 81.6206072089058 76.3523498509954
"42" 2233 83.2653639773926 83.2656057400712 83.2654672932475 83.265296741755 83.2656439307264 83.2654972915108 83.2644159962057 83.2570031861831 83.208530158605 82.8894547083523 81.1024073991417 75.8548821630883
"43" 2234 82.7528902807916 82.7531420731755 82.7530070304996 82.7528361226794 82.7531849184447 82.7530381995935 82.751959540812 82.7445669755901 82.696205599998 82.3779108185648 80.5961368042907 75.3704758405639
"44" 2235 82.2108897319175 82.2111288480072 82.2110071426497 82.210848238937 82.2111969358558 82.2110454023364 82.2099637570161 82.2025520440071 82.1540519517759 81.8349433796918 80.051339201636 74.8375674440153
"45" 2236 81.6582305571744 81.6584692636577 81.658350329269 81.6581911477622 81.6585382845956 81.658383074728 81.6572885971918 81.6497945106348 81.6007228446774 81.2780811418883 79.4807995581207 74.2626005351585
"46" 2237 81.111362562243 81.1116088508898 81.1114909007267 81.1113332810768 81.1116794254131 81.1115245914681 81.1104147316464 81.1028494529223 81.053289588305 80.7276628512212 78.9198296175793 73.7041242584094
"47" 2238 80.5690348514526 80.5692812545243 80.569162637927 80.569009388194 80.5693533550454 80.5691943003109 80.5680712562064 80.5604304844372 80.5103409397961 80.181510425036 78.3628720557375 73.1513792085439
"48" 2239 80.0323058593742 80.0325581141684 80.0324376129764 80.0322828120713 80.0326191952683 80.0324604151882 80.0313137133508 80.0235302291751 79.9724403922152 79.6375370988844 77.7966999231054 72.5764517565454
"49" 2240 79.5025108970464 79.502751778843 79.5026359942176 79.5024812025454 79.5028150067922 79.5026499144175 79.501478905917 79.4935173072406 79.4412169350332 79.0989754731599 77.2314873653678 71.9988494778079
"50" 2241 78.9733324498852 78.9735750733073 78.9734577819044 78.9733039643108 78.9736354699105 78.9734642422372 78.972270843373 78.9641516297004 78.9107900673502 78.5621287270584 76.6724396401673 71.4345337505972
"51" 2242 78.4476144279607 78.4478603520819 78.447741452234 78.4475877076491 78.4479137155019 78.4477402545099 78.446524014062 78.4382471783428 78.383831731445 78.0288410279624 76.117920168703 70.8771968386414
"52" 2243 77.9268007172327 77.9271031587687 77.9269618925264 77.9267949187672 77.9271306107187 77.9269696524458 77.9257361305443 77.917330782971 77.8621482637836 77.5026902828419 75.5781395100148 70.3437661035652
"53" 2244 77.431476303695 77.4318668473023 77.4316517180178 77.4315336293754 77.4318866584662 77.4316655850895 77.4304810618603 77.422061030882 77.3665390856766 77.0061057891608 75.08083825779 69.8662119006861
"54" 2245 76.9480821560903 76.9484797562635 76.9482994403693 76.9481543039416 76.9485056737403 76.9483138684527 76.9471254644326 76.9386916792468 76.8829398084504 76.5220466594722 74.5982718996245 69.4054374555068
"55" 2246 76.4527126929226 76.4530971932029 76.4529259069371 76.4527690370263 76.4531226694475 76.4529467133877 76.4517412286904 76.4432604316886 76.3872002852798 76.0246637335933 74.098476869235 68.9240630621355
"56" 2247 75.949866593371 75.9502323039251 75.950019129384 75.9498956487601 75.9502501552581 75.9500774886417 75.9488593600421 75.9402797393243 75.8836319620481 75.5177046674855 73.582622702689 68.4203021165348
"57" 2248 75.4509666382072 75.4513606133861 75.4511489681085 75.45101590973 75.4513593414542 75.4512081799657 75.4499701203905 75.4412956102435 75.384098477206 75.0150053000538 73.0715758060288 67.9213931746453
"58" 2249 74.9610121959157 74.9614057212105 74.9611965016464 74.9610644366888 74.9614051618158 74.9612527446765 74.9600042442483 74.9512823464173 74.893742754114 74.52273037868 72.5754462911092 67.4411678437992
"59" 2250 74.4693272636535 74.4697147855803 74.4695079997836 74.4693762264382 74.4697133640218 74.4695589859063 74.4683012162296 74.4595124796215 74.4015157101729 74.0278258268663 72.0734197397364 66.9508263948693
"60" 2251 73.9791552046988 73.9795515664969 73.9793438902662 73.9792130358082 73.9795468604262 73.9793893900773 73.9781162005612 73.9692066539932 73.910400367078 73.5318450556955 71.5610751742911 66.4381469816154
"61" 2252 73.4941860957442 73.4945872836135 73.4943806699831 73.4942510125872 73.4945816003894 73.4944205565611 73.4931279035376 73.484091315433 73.4244273456363 73.0406396997284 71.0511515832038 65.9228571621532
"62" 2253 73.0126321209853 73.013034909718 73.0128315286208 73.012702627461 73.013029333018 73.0128664224205 73.0115576221513 73.0024111299376 72.9420176706174 72.5537372301509 70.5476688195154 65.4141115402656
"63" 2254 72.5348784771643 72.5352745530193 72.5350722307734 72.5349439960817 72.5352671335283 72.5351029611443 72.5337797289847 72.5245388022348 72.4635080716924 72.071282654271 70.050135031706 64.9108175551338
"64" 2255 72.1095786113308 72.110079297657 72.1098826577275 72.1096891304379 72.1099894142477 72.1098861117544 72.1084550942756 72.0990044146234 72.0365689082118 71.6355328651629 69.5762434089746 64.3920427063371
"65" 2256 72.2356055618172 72.236131066495 72.2359051522916 72.235678716559 72.2360368923721 72.2358140337991 72.2342331824915 72.2241828567158 72.1569217068812 71.7247169711275 69.5084278494724 64.0095438109696
"66" 2257 72.54713716685 72.5474797932289 72.5471945047071 72.547003664467 72.5473807249951 72.5471692219888 72.5454998950298 72.5346923475402 72.462685745953 71.9992564309829 69.6148851695825 63.7204617270807
"67" 2258 72.4433862932446 72.4441066912746 72.4438119135736 72.443640587216 72.4440134102981 72.4437880791716 72.4420545166886 72.4307943765996 72.355791203728 71.872784645264 69.3866673926286 63.2791423398711
"68" 2259 72.1920228876417 72.1923306522625 72.1921261195424 72.1918608470673 72.1923321626383 72.1920905897893 72.1903121103062 72.1786435268001 72.1011403574451 71.6017533824367 69.0359724965895 62.7905842021809
"69" 2260 71.8933220686084 71.8938198640177 71.8935612676455 71.8932591657711 71.8937315817687 71.8934758014362 71.8916501884732 71.8796246544948 71.799363868604 71.2826639701779 68.6391432701047 62.2849973381603
"70" 2261 71.6996499272089 71.7001654313457 71.6999196247297 71.6996309140614 71.7000813714688 71.699814399269 71.6978568969584 71.6852015060875 71.6005256849199 71.0561718991192 68.2937414938726 61.7862573752245
"71" 2262 71.5756832577121 71.5763692429046 71.5760829514944 71.5758389426291 71.5762621384133 71.5759444108994 71.5738853206034 71.5603466655852 71.4698038567284 70.8888815865142 67.9759410372424 61.291690483876
"72" 2263 71.3189025979897 71.3192817341026 71.3189160137953 71.3186840113147 71.3190896213157 71.3188572328003 71.3166727847069 71.3024711027874 71.2073746994017 70.5985058594131 67.5762663485453 60.7832625475188
"73" 2264 70.9571570295278 70.9576925298076 70.9573294870996 70.9570749662237 70.9573980121825 70.9566390075098 70.951015578373 70.9182254712371 70.7697244083321 70.0962691014342 67.0300350925533 60.2475215964392
"74" 2265 70.7548310721923 70.7555445895638 70.7551037278243 70.7543389461491 70.7511172528097 70.7279145650874 70.61796276398 70.3859234072816 70.1207542636457 69.4258287445815 66.3880765227864 59.6771323384758
"75" 2266 71.0379552049334 71.0385713362744 71.037557422292 71.0329056153936 71.0043160315916 70.8392334587768 70.3257057288732 69.7825312808447 69.4418975128909 68.7427896210515 65.7403692039841 59.1090971671091
"76" 2267 71.5137953730512 71.5142267688351 71.5119867479356 71.498955856669 71.4163822770574 70.9842522505157 69.9481278637303 69.1559902373932 68.7696583776591 68.0717799876937 65.1060753766481 58.5555366457001
"77" 2268 71.6048260878205 71.604758948648 71.6012902425832 71.5801209194829 71.446285217668 70.7872026505848 69.413012515286 68.4994238630144 68.0943903724604 67.4012791125074 64.4699581111859 57.9946113853567
"78" 2269 71.6438243940642 71.643797635008 71.6389064618094 71.6080075875852 71.4148726332944 70.5161361188365 68.8468498825597 67.8435620959973 67.4261371173937 66.738560358598 63.8408795930454 57.4389720612972
"79" 2270 71.8643794119925 71.8639999644113 71.8571521730194 71.8131087136605 71.5395131561031 70.327607604984 68.3021754418182 67.196926465651 66.7653914851658 66.083276890663 63.2199646994448 56.8928341288207
"80" 2271 72.1841147509345 72.1834959834017 72.1748644666429 72.11885059142 71.7704539424488 70.2433264398524 67.8053140384314 66.5678966720843 66.1164946616237 65.4389623877254 62.6098746149098 56.3573351071651
"81" 2272 72.5356567909431 72.534852942242 72.5249589126019 72.4604924479798 72.0576825298054 70.2678047689893 67.3786892774622 65.9604951840152 65.4786286448351 64.8039391714381 62.0084473280116 55.8296213987918
"82" 2273 73.142314682927 73.1412066301234 73.1294368590025 73.0525331062975 72.5711679784215 70.4302930845157 67.0018028616537 65.3794515428809 64.8633947192254 64.1910899575324 61.4294862890659 55.3247886446407
"83" 2274 73.8711463001197 73.8671516888626 73.8394889578455 73.6676106112755 72.8298681046549 70.1464337610318 66.4479586340711 64.7779605832655 64.2578306750432 63.592506359395 60.865322282894 54.8343766616989
"84" 2275 74.1575488188934 73.8480958787186 73.5439908941006 73.1628890597161 72.176698701969 69.4649494917893 65.8006304797896 64.149263910811 63.635179408993 62.9778405688025 60.2831910833007 54.3222387717628
"85" 2276 74.0920944870394 73.2392300050127 72.8340991100655 72.4384993710264 71.4609739974093 68.7803005220235 65.1579145698594 63.5252519768794 63.0169634943024 62.3670195842287 59.7024648443683 53.8068309540125
"86" 2277 74.0426183453112 72.5866462563116 72.1220506118991 71.7206002966282 70.7529625397955 68.103218080952 64.5223365971393 62.9081819037665 62.4056268599342 61.7629996876927 59.1282146149466 53.2971934913110
"87" 2278 74.5807431259598 72.005282514055 71.4339194128155 71.0194340307597 70.0617263932206 67.4457662386832 63.9100208831072 62.3158386167133 61.8194424797627 61.1846852120696 58.5817335865842 52.8188946021938
"88" 2279 75.2150105050161 71.4028402872712 70.7528495017218 70.3302548530898 69.3831788330546 66.8010049457232 63.3102266430543 61.7359246816561 61.2456677715409 60.6187197889011 58.0474043223447 52.3522450437083
"89" 2280 75.6398531541971 70.7386303568107 70.0606526802052 69.6380018271049 68.7022440256475 66.1526294151613 62.7051093091581 61.1499865102847 60.6656561763604 60.0462629005726 57.5055781991004 51.8762652324818
"90" 2281 75.7425978231173 70.0662396851702 69.3730822150526 68.952002473468 68.0269479838567 65.5075595465605 62.1003546000369 60.5631846065589 60.0844067340084 59.4721052714035 56.9602440700193 51.3933918639993
"91" 2282 75.5754327747647 69.4005351227117 68.6972365912948 68.2781761489552 67.3630832312067 64.8716918185001 61.501999513297 59.9815929836739 59.5080161341944 58.9023547427421 56.417562640019 50.9097625073216
"92" 2283 75.6180779940209 68.751206873555 68.0237952936033 67.6047044270548 66.6997034157786 64.2374297542987 60.9066715903087 59.4036318783324 58.9354330171089 58.3366485704206 55.8797654500009 50.4326110830962
"93" 2284 75.5391926930648 68.119746884469 67.3641238427214 66.9441410308414 66.0486238877089 63.6141013719105 60.3205753308981 58.8341693410274 58.37113195488 57.778925889978 55.3488768841276 49.9601442685181
"94" 2285 75.2888912008664 67.5084987472196 66.7224748112757 66.3008121139837 65.4140219809052 63.0054849159676 59.746937058787 58.2762023666426 57.8180276119494 57.2320371078776 54.8273518257273 49.4941223312962
"95" 2286 75.0801757745546 66.9251396631969 66.0881142160384 65.6610167274061 64.782410857566 62.3998263266045 59.1763080500079 57.7212605029174 57.2679563064166 56.688183024287 54.3088790540015 49.0311498570345
"96" 2287 74.8141023133515 66.370158543698 65.4707662091838 65.0354383952352 64.1642544475174 61.8066050236488 58.6168815248514 57.1769899339157 56.7283936409177 56.1546318103571 53.7998848130819 48.5759443756763
"97" 2288 74.4778484418831 65.8415746795507 64.8739575942155 64.4279354789553 63.5633436804964 61.2294235176078 58.0719704688374 56.6465738661352 56.2024869030452 55.6344770159388 53.3032587079486 48.1309851332731
"98" 2289 74.105114262104 65.3406360922774 64.2969620439291 63.8365358990406 62.9775902551334 60.6664268506319 57.5400918430336 56.1286790217254 55.6889426843296 55.126498493024 52.8180194541391 47.6957447851798
"99" 2290 73.7573319312501 64.8421309727889 63.721139419318 63.2464150044825 62.3931613222363 60.104802607288 57.0096315669184 55.612217954904 55.1768403300775 54.6199678086395 52.3342491257797 47.2619907640775
"100" 2291 73.658065771998 64.3716397411447 63.1345146116988 62.6401688482699 61.7925396540286 59.5288047847817 56.4672435041626 55.0848855038463 54.6541856321039 54.1032729002127 51.8419064340822 46.822836525671
"101" 2292 73.6530436040414 63.9364931687514 62.5570620491539 62.0376265719557 61.194878893888 58.9559412598507 55.9283291667644 54.5611679799554 54.1351854353338 53.5902934046216 51.3534760882518 46.3879260042295
"102" 2293 73.3657978928699 63.4595766267609 61.9933237922194 61.4584925611167 60.6211317071737 58.4047044517169 55.4078773137919 54.0545584963547 53.6328788955993 53.0935023780411 50.8791584477344 45.9629572132742
"103" 2294 73.0935415702054 63.0173740845892 61.4429826780286 60.8854676778333 60.0522782709009 57.8581326930825 54.8918416790513 53.5522050086609 53.1347966697483 52.6008998490587 50.4088237885632 45.5416375075259
"104" 2295 72.9393413671189 62.6513005733022 60.9085804444839 60.3098032074933 59.4779320907132 57.3062787943897 54.3714673113613 53.0459804115693 52.6329707982241 52.1046879018166 49.9355631151559 45.1186262972131
"105" 2296 72.977731279009 62.391237465578 60.405196236328 59.7433262086579 58.9093429886085 56.7602661969985 53.8576157932326 52.5465767546753 52.1380552966394 51.6155012067667 49.4697538764651 44.7037919048118
"106" 2297 73.3973804770936 62.2088073867725 59.9208854663157 59.1934239017313 58.3577183092714 56.2321991965112 53.3628332929857 52.0666739520744 51.6627662919201 51.1460972195864 49.0242941376997 44.3101310252171
"107" 2298 73.7203244179056 61.9052429366437 59.4060905067559 58.6404998068637 57.8074161451286 55.7055241518554 52.8687610378035 51.5871775015782 51.1877878651361 50.6768797754971 48.5785374048151 43.9152696845362
"108" 2299 73.7682821702426 61.5153511113327 58.8732520267789 58.0832701083894 57.2544974760456 55.1753357778311 52.3697484212257 51.1021334848719 50.7070797281557 50.2017086259558 48.1259499578657 43.5119742786251
"109" 2300 73.7381705353005 61.1267589599306 58.3466271809339 57.53183033912 56.7070409412909 54.6499649484815 51.8747514504065 50.620761684318 50.2299405857524 49.7299743165261 47.6762806066253 43.1105610891883
"110" 2301 73.8004407032691 60.7995072772403 57.8397394079872 56.9893358694322 56.1668053813373 54.1315920195508 51.3867942257818 50.1463849071132 49.7598070876534 49.2652349989660 47.2335716006733 42.7159903593372
"111" 2302 74.3040930270333 60.6650656773223 57.3952033882176 56.4794721330101 55.6547618247706 53.6413344183604 50.9274773279132 49.700905232967 49.3186205134421 48.8295151368712 46.8201137430712 42.3507188719752
"112" 2303 74.7659239622654 60.544858368538 56.9589551141489 55.9744265021118 55.146752427029 53.1546305542154 50.4711658441164 49.2581930128179 48.8801386410192 48.3964114286509 46.4089314800356 41.9870318619078
"113" 2304 74.9755989652034 60.371336789648 56.5109830057917 55.460654913709 54.6300006973822 52.6584659190181 50.0045110906066 48.8047904348491 48.4308562176894 47.9523859310564 45.9863481519594 41.611173590376
"114" 2305 75.3845442932672 60.3560626947722 56.121410539368 54.9697080966409 54.1299559389694 52.1781525044285 49.5535938190421 48.3670924646206 47.9972699278327 47.5240384088304 45.5793573715382 41.2505517738309
"115" 2306 76.1794443931568 60.6585952491885 55.8614775065514 54.5297588024805 53.6666717396279 51.7324771005605 49.1368368425158 47.9633787295127 47.5976320287555 47.1295544562368 45.2059285100767 40.9224931104728
"116" 2307 77.1863855184559 61.2141462574388 55.7285146695073 54.1324850975466 53.2293072425491 51.3098935488453 48.7424334798789 47.5817532487041 47.2200208789047 46.7570284100864 44.8540714114140 40.6149919394294
"117" 2308 78.1171553429357 61.844258931162 55.6822070772734 53.7548974054465 52.7945592420594 50.8868363741936 48.3467137397659 47.1985931918554 46.8407791397256 46.3828071428254 44.5002424735072 40.3050577188398
"118" 2309 79.1249600473681 62.641970778308 55.7924637170104 53.4259342863608 52.3781312813173 50.4768852753312 47.9629113345485 46.8270364869349 46.473058099497 46.0200220915096 44.1575050402397 40.005383364124
"119" 2310 79.9819167742362 63.4002297676802 55.9742160584774 53.1200420661564 51.9598703077289 50.0603898768412 47.5715043544866 46.4476230451485 46.0974205593032 45.6492647400355 43.8065905675347 39.6972441470102
"120" 2311 80.7263008740378 64.1198747839572 56.2251506815392 52.8474090510335 51.5447764680045 49.6410832607093 47.1760242502907 46.0638465470844 45.7173528650412 45.2740125618961 43.4509514983069 39.3839976929871
"121" 2312 81.6080057159389 65.0048555534634 56.6714016521827 52.6670767826829 51.1606073405887 49.2407713069886 46.7973463904981 45.6964074930891 45.3535173493047 44.9149039063379 43.111074061831 39.0855868932398
"122" 2313 83.1863782227806 66.5690880587676 57.6979409204136 52.7567603788164 50.8845694278615 48.9172125997165 46.4897347914869 45.3988180211451 45.0592540123844 44.6251027536739 42.8394330024940 38.8524866262043
"123" 2314 86.0585767896771 69.4059398603754 59.8279651248116 53.3963932026676 50.8293701391696 48.7485421037579 46.324814305356 45.2412496573613 44.9043858342773 44.4741299856345 42.7042035363769 38.7495170898486
"124" 2315 88.8400950624525 72.2438543750783 62.1085248854112 54.1968946519044 50.8076381187199 48.5830080803637 46.1581318763274 45.0811566069887 44.7468661354025 44.3204539774986 42.5661436950903 38.6435517794821
"125" 2316 90.5598473146298 74.1056776048809 63.6668915915059 54.7219198661961 50.6536624697899 48.306410336277 45.8846474025693 44.8154145412598 44.484069274946 44.0618171634981 42.3246285146646 38.438321378665
"126" 2317 92.1707477726348 75.8898438455669 65.2098684308334 55.3072267138673 50.5166155315055 48.0286279001174 45.6067487891966 44.5447158513481 44.2162122097562 43.7981111267537 42.0778940009917 38.2276680323014
"127" 2318 93.7039508451717 77.6229875724628 66.7519376017525 55.9561049293232 50.4008238466658 47.7533106700578 45.3279354258195 44.2725132572544 43.9467211915093 43.5327160885838 41.8293008034385 38.0148477421103
"128" 2319 94.994104642805 79.1326506417434 68.1309741798775 56.5704258901901 50.273674108663 47.4610229409337 45.0309316047028 43.9819755038459 43.6588384303142 43.2489353463062 41.5624237882236 37.7841251608056
"129" 2320 96.349270190129 80.7266583061848 69.6169115427177 57.3054737148775 50.1954965682834 47.1876842221602 44.7473777690695 43.7039288596452 43.3832885170546 42.9773645661395 41.3073609385947 37.5643405006814
"130" 2321 97.7963765257698 82.434226972977 71.237913424865 58.1837897691009 50.1768903033542 46.9377348692137 44.480646612761 43.4415836573310 43.1231859406105 42.7211220541965 41.0671930577896 37.3584657803951
"131" 2322 100.224830383877 85.1840363893855 73.8681063993608 59.8055509119724 50.4504099319296 46.8328646253144 44.3328453353535 43.2935517691610 42.9764797254453 42.5777032478621 40.9376974348099 37.2579259887804
"132" 2323 103.282338373200 88.6468499323495 77.2439791612553 62.0671733975719 50.9799611063882 46.8404502154239 44.2726962288858 43.2289482857793 42.9125022834495 42.5165933521263 40.8889431778342 37.2339957850417
"133" 2324 105.780240166084 91.5747944653635 80.1771920846522 64.136082802969 51.4515157255223 46.7955150285706 44.1611638621978 43.1134197726769 42.7977687456408 42.4048717581795 40.7903602951365 37.1624144942166
"134" 2325 107.656828693625 93.873625161031 82.5448813287492 65.8715640529013 51.8138179918019 46.6825460031350 43.9883106911079 42.9378199862247 42.6232488324229 42.2336309349586 40.6331318042078 37.0346032006664
"135" 2326 108.614685048392 95.1934878148184 83.9723923937534 66.9385319495223 51.931667751633 46.4504045605464 43.7170046733923 42.667315631244 42.3544372139046 41.9684484950173 40.3833606019532 36.8180093573130
"136" 2327 109.078997537206 95.9670417014388 84.8210282714579 67.4471507061415 51.8077479458339 46.1380820136286 43.3940818382817 42.3495448656251 42.0390432565631 41.6568709141368 40.087725113332 36.5570767803453
"137" 2328 109.560645644682 96.7375853183523 85.5751904248193 67.67491835144 51.5576795953958 45.8098082298189 43.0743379576915 42.037640143819 41.7298809268379 41.3515268177604 39.7980589771777 36.3015362282335
"138" 2329 110.429205526927 97.9247638454673 86.7144912256519 68.1178661221075 51.3882321901594 45.5337811434065 42.8016561330084 41.7717222129647 41.4664433148975 41.0917151718526 39.5530550177903 36.0885004171586
"139" 2330 112.372312309650 100.278203439336 88.9558066068684 69.2185356374694 51.460084224713 45.4090636765567 42.6645252608313 41.6381323798952 41.3346461899418 40.9629015859008 39.4365822228798 35.9978017637952
"140" 2331 114.728731273057 103.111297636056 91.7094956593685 70.6875866857981 51.6624174680931 45.3604797347994 42.5942272292852 41.569514548498 41.2674513399151 40.8983546211119 39.3831134164338 35.9668625073954
"141" 2332 117.506442962940 106.446481192372 95.037959916893 72.6432972696968 52.0371564520814 45.4019882585325 42.6001940059070 41.5745959639001 41.2734246958779 40.9066668345423 39.4009411182724 36.0035768948082
"142" 2333 119.829137531811 109.326810036025 98.0232823585618 74.5383330425416 52.3870246296584 45.4082290480969 42.5698648835292 41.5434747193568 41.2432672907994 40.878917300444 39.3834038712321 36.0065703933035
"143" 2334 120.873812439542 110.806061239745 99.6844702317717 75.6923436924955 52.4843693527089 45.241277027393 42.3797921678573 41.355539445738 41.0570078576257 40.695725864194 39.2131595056616 35.8639203932793
"144" 2335 122.137656866761 112.539363278870 101.659431989249 77.243129762364 52.7608999605245 45.1372581582913 42.2323671727973 41.2069046779252 40.909495164945 40.5510232718276 39.080545023245 35.7568814473754
"145" 2336 123.405552682454 114.284500463897 103.700338492275 79.024347281304 53.1765387900313 45.0678530750187 42.1002471693707 41.0707136142792 40.7739290843811 40.4181686322881 38.9594653243898 35.6606012714426
"146" 2337 124.758301938386 116.130996174265 105.892801545186 81.1091667772763 53.7908895602828 45.0547827774199 41.9969378050189 40.9590800397219 40.6622590959778 40.3089542460577 38.8615132968312 35.5860619751559
"147" 2338 126.667667931557 118.611773194051 108.812375106440 84.0480980564896 54.87975212685 45.2079280935492 42.0020126038475 40.9466278128245 40.648227417682 40.2967805002030 38.8586255543783 35.6019489708123
"148" 2339 128.048518105280 120.500420711746 111.132985296818 86.5983572070258 55.9102325675772 45.3056974144229 41.9479170740802 40.8748181341125 40.5748910508270 40.2255304239264 38.7976707249517 35.5624232940932
"149" 2340 128.485629059921 121.310995010714 112.287834972212 88.0812983563037 56.5033652017238 45.2226092247105 41.7546677102672 40.6706285513833 40.3704167585296 40.0237538566060 38.6084363953912 35.4003187989238
"150" 2341 128.498716131199 121.626232589926 112.895833786533 89.0383722679836 56.8778706504811 45.0576768300745 41.4998766606789 40.4080699990265 40.1080776268158 39.7643820172904 38.3624698904145 35.1835634273968
"151" 2342 128.494944374484 121.910634678523 113.466006760782 89.976981648335 57.284119729075 44.9044418117192 41.2472506021828 40.1460457354074 39.8460523423649 39.5052285594294 38.1165227327414 34.9666081512795
"152" 2343 128.718332692818 122.440697944205 114.304539941575 91.223976350508 57.9101777302277 44.8286944804002 41.036630806587 39.9203537986631 39.6193962636349 39.2812192572629 37.9049879227938 34.7822983019489
"153" 2344 129.768162296248 123.886892587227 116.153371743490 93.6016752844424 59.2839961156799 45.0171362425788 40.9776579716069 39.828314103001 39.5236673395278 39.1871323222791 37.8208546910870 34.7193464053252
"154" 2345 132.024377813263 126.674467325932 119.498851568545 97.7539868811186 61.9770033658521 45.6651680925776 41.1708204538876 39.9560171826265 39.6424499882096 39.3059729217653 37.9455395472133 34.8550226679216
"155" 2346 133.86211615428 128.997046850993 122.358476473302 101.548752307420 64.73688713293 46.3236511419516 41.3361718613294 40.0508358847403 39.7276944157367 39.3913615704460 38.0374045352566 34.9594672678341
"156" 2347 134.166452396622 129.597266149533 123.303040185903 103.192520800805 66.0959951566768 46.4978738253468 41.2183186881795 39.8938790733522 39.5661700943214 39.2316202678928 37.8885950695893 34.8345512881185
"157" 2348 133.872209988952 129.514825368096 123.472748728253 103.916518397076 66.7984106844171 46.457499550275 40.984865378646 39.6361550358722 39.3061703547796 38.9740302128019 37.6435641308037 34.6173149165061
"158" 2349 133.536381790809 129.373192907393 123.565895399644 104.540763219982 67.4478062451741 46.4103404520121 40.745457849052 39.3720331298664 39.039698362399 38.7099420368469 37.3919977476205 34.3935387391695
"159" 2350 133.436858294318 129.482229503699 123.92824977679 105.480759662923 68.3810936712534 46.4760677799596 40.5562623593857 39.1476106212459 38.8112668375453 38.4835020437575 37.1773417775965 34.2048606982934
"160" 2351 133.809418955221 130.099694904714 124.845189708114 107.088483823189 69.9297284475907 46.7816664736414 40.4728610773463 39.0069468936316 38.6632132910685 38.3366485227848 37.040712917569 34.0904958871847
"161" 2352 134.75168571514 131.327178167809 126.426981147366 109.514961116001 72.3100680101503 47.4270220070125 40.5324576074067 38.9771932932151 38.6211753440384 38.2946363908689 37.0067817918574 34.0738343498079
"162" 2353 135.93403125296 132.805301116097 128.281060296817 112.317703167210 75.2402168524089 48.3297659117782 40.6830484125387 39.0114406422677 38.6391325880944 38.3117876814595 37.0308528272943 34.1123323256199
"163" 2354 136.406159753395 133.502352642598 129.271753678864 114.099577548089 77.3805971190187 48.965733837696 40.6960697175042 38.9286300164122 38.5432161572793 38.2160185779089 36.9440078050939 34.0450207183279
"164" 2355 136.543861624384 133.827679958548 129.843396242160 115.362917111953 79.0923849753315 49.4640753115449 40.6417123785542 38.7883095475307 38.3912621690712 38.0646117142578 36.80243526181 33.9253180655734
"165" 2356 137.650646869499 135.182955401734 131.528789499146 117.990179945168 82.3123880422159 50.6660241448417 40.8595495770542 38.8471543392076 38.4274432115787 38.0989456205225 36.8428937175912 33.9790411091274
"166" 2357 139.940674587317 137.795243256977 134.578405334069 122.348045721714 87.7496265755488 53.0379079269923 41.4919991542924 39.1950141493781 38.7340739357144 38.3999354162446 37.1447988988598 34.2818964809416
"167" 2358 142.552655189159 140.743062212797 137.993497350978 127.253464433276 94.4340301144472 56.3782715130803 42.404539505694 39.7091238581401 39.1904329653324 38.8478464086061 37.5908207248118 34.7228440697064
"168" 2359 145.489967675877 144.029709412693 141.777976058335 132.727889714113 102.633761907799 61.1915628070565 43.7252573751118 40.4493140540267 39.8475496311147 39.4922419669198 38.2300225258119 35.3495059454545
"169" 2360 147.785974872191 146.616043682971 144.787714081579 137.258839634789 110.294315614845 66.5667733854139 45.1448662638962 41.1929937820238 40.4962081908094 40.1265904705191 38.8596765725735 35.9683734407519
"170" 2361 148.379461746940 147.372738028696 145.787939255273 139.167587331976 114.38837117872 69.9154529533337 45.9062301367617 41.4928807776569 40.732271975143 40.3544470303271 39.0902937687512 36.2058213303267
"171" 2362 148.435006262669 147.547736851955 146.138653732293 140.186500298183 117.137191817789 72.3782388748934 46.4057335037006 41.6241477675560 40.8125294844603 40.4288274204851 39.1703162687442 36.2991276979253
"172" 2363 148.762046743672 147.990649515666 146.756926670323 141.481879769707 120.283439674764 75.3569623079217 47.0949936430048 41.8604065589738 40.9854477947354 40.5937339631379 39.3391788711563 36.4775837152803
"173" 2364 149.087411470139 148.419643457018 147.342508829696 142.682771427186 123.280703966071 78.4605753063322 47.8470678926917 42.1172627863372 41.172839567398 40.7721834934294 39.5212975026075 36.6688871769535
"174" 2365 149.192245913727 148.607654575227 147.658438420236 143.509724161682 125.697277442192 81.2695488283473 48.5238427688996 42.3128170634623 41.300873748428 40.8917741374898 39.6455821438968 36.8048592307312
"175" 2366 149.250071884817 148.737981307564 147.899469339054 144.198487839696 127.851356774657 84.0100306425254 49.2069855440094 42.4973761559708 41.4151580289971 40.9972606636679 39.7559402767663 36.9274952806513
"176" 2367 149.483882843465 149.039956904077 148.306948138687 145.038433575468 130.177564695037 87.1537267094967 50.067432515878 42.7613631870505 41.5947119004213 41.1657500797128 39.9280347915162 37.1094804452407
"177" 2368 150.165368747141 149.792095708122 149.169317568115 146.358737351521 133.156011974519 91.3515057319118 51.3658550659289 43.2304885401165 41.9461791714832 41.5008864357086 40.2636332131613 37.4487729288520
"178" 2369 151.499722683537 151.204165432860 150.703887053756 148.411793128410 137.218110545559 97.552802175059 53.5420950108793 44.0810240228717 42.6100402043497 42.1376505790994 40.8955622648748 38.0741132506728
"179" 2370 152.927029463593 152.703753392151 152.319234741425 150.528359243459 141.431812990953 105.086764075116 56.5496052291209 45.2066215508775 43.4752036836767 42.9649676639805 41.7151406112884 38.882864325587
"180" 2371 154.078267721329 153.913695102636 153.624543611435 152.254572620846 145.045266003009 112.832533800124 60.1954853137234 46.4728763384525 44.4173892671101 43.8606549374163 42.6023762310247 39.7600418081678
"181" 2372 154.88509806883 154.762878634518 154.543113253877 153.485106060757 147.752489542610 119.655189487059 64.0829937982908 47.741395974958 45.3313023683379 44.7242893744871 43.4580167401307 40.6081044272367
"182" 2373 155.265804331938 155.171105076272 154.997162177385 154.147160305958 149.437276341912 124.708376013666 67.5505124610514 48.8117209748386 46.0734311620951 45.4204156177512 44.1487021513229 41.2966311503823
"183" 2374 155.247137588818 155.170513910996 155.026930138107 154.315912881020 150.306264511909 128.152571392798 70.3464316408379 49.6200517786827 46.6020843583571 45.9104832177968 44.6368699572161 41.7894731534302
"184" 2375 155.198834915354 155.137347258507 155.017609397159 154.417022841965 150.972845669875 131.066567375729 73.0576718118094 50.4038491292717 47.1042943490405 46.3738499368400 45.0988708142589 42.2577397460691
"185" 2376 155.208471052203 155.158578830513 155.058853702932 154.550904840828 151.590582191610 133.761434211268 75.9235947730616 51.247467589635 47.6406980589985 46.8677252339876 45.5908548899021 42.7557463889577
"186" 2377 155.159040125969 155.118244056477 155.034180335168 154.599999080322 152.031267306094 136.009141726890 78.7089567187256 52.0606238821265 48.1407279970569 47.324470898491 46.0462564865667 43.2189004042846
"187" 2378 154.972282374722 154.938261401866 154.866201620619 154.488665739674 152.226120419863 137.710035239956 81.2212593628778 52.7719627705560 48.5518915586809 47.6943737415775 46.416130608201 43.5994514891152
"188" 2379 154.644921701124 154.616097621721 154.553163949054 154.218810890749 152.192913936891 138.902582426636 83.3738173651187 53.3531073219534 48.8566815672855 47.9614253171258 46.6847517571928 43.8818335206545
"189" 2380 154.234952276896 154.210098439426 154.154299875029 153.854154245056 152.017597532759 139.752177902108 85.261586052549 53.8405583299717 49.0841205211372 48.1534537139962 46.8794762173271 44.0924465760224
"190" 2381 153.856247751714 153.834799611389 153.784994541211 153.513766534102 151.838586510237 140.479041852806 87.0844175733844 54.3128883387292 49.2923605630286 48.325588308295 47.054447783515 44.2838589102293
"191" 2382 153.257963709672 153.238963829414 153.193602565503 152.944071729399 151.392263546416 140.749606950946 88.4327530707203 54.6020930495382 49.3606251472275 48.3641209342907 47.0978638959109 44.3471798725818
"192" 2383 152.848528320332 152.831984579801 152.790616642560 152.561126981599 151.123005003194 141.158097579458 89.939457430507 54.966172966384 49.4761237181309 48.4456307168041 47.1832215310555 44.4511745287704
"193" 2384 152.842278667829 152.827926118264 152.790921437161 152.582807511601 151.267962817115 142.055760433138 92.1384692905468 55.6136230003756 49.7759661781272 48.6968528082741 47.4347410013718 44.717092999902
"194" 2385 152.716208750501 152.703443406728 152.670059061928 152.479984598690 151.270703255612 142.723521025298 94.1723253527853 56.1999532217014 50.016423109583 48.8890173455799 47.6277713915363 44.9261023301717
"195" 2386 152.866016812907 152.855342164494 152.825593988062 152.653565729599 151.550746308904 143.692089193211 96.7199552890366 57.0086755302754 50.3877504572109 49.1986408539373 47.9354159169142 45.2470235053317
"196" 2387 153.539657070614 153.530882223532 153.505129958570 153.353503149551 152.373684328075 145.331214968553 100.513244320302 58.3500781430423 51.0701751864842 49.7873697657154 48.5157531232391 45.8349278438672
"197" 2388 154.413491589176 154.406514270534 154.384787503125 154.254719066353 153.406926060021 147.268506300018 105.399514067148 60.2034339074956 52.0036665608044 50.5905766196222 49.3048543232446 46.6291750446828
"198" 2389 155.131038126155 155.125565590603 155.107419575640 154.996694509414 154.269509114101 148.982662947820 110.574907552840 62.3236400197401 53.0175638277066 51.4490377254537 50.1462843863952 47.476764270111
"199" 2390 155.257941258847 155.253069967638 155.237137558698 155.139471539595 154.493409679469 149.793848526387 114.233692268575 63.9365073728192 53.709080439907 52.0118771555799 50.697454683958 48.0392489246641
"200" 2391 154.591757947114 154.586864586958 154.572491509125 154.48140557766 153.879781436133 149.504324689384 115.727358417058 64.5956995736619 53.8579592978841 52.0898164626643 50.7748711321169 48.1372387621807
"201" 2392 153.856432357492 153.85250403531 153.838933857902 153.753226873517 153.184792149422 149.057449264596 116.740639978477 65.054744594961 53.899009429737 52.0721894297943 50.7588089948533 48.1435122653318
"202" 2393 153.645661658796 153.642409891594 153.629847476997 153.549704303246 153.017440281232 149.162833297842 118.51036149205 65.9580166398539 54.1909244956024 52.2756302393537 50.9582112624954 48.3607142789859
"203" 2394 153.670007615868 153.667292454914 153.65571196403 153.581349271010 153.086049890849 149.510215699702 120.639903822131 67.1355964438889 54.6167161642088 52.5913948923495 51.2662405363764 48.6844576148817
"204" 2395 153.446721313686 153.444334242756 153.433540628830 153.363933587745 152.899199669299 149.553023360025 122.237458048934 68.0927156312115 54.9018823257094 52.7775921416058 51.447061847396 48.8834535639856
"205" 2396 152.824919821292 152.822574896741 152.812373283726 152.746253559252 152.303808815824 149.125748279491 123.011922670119 68.6152486605081 54.9421638677842 52.746515648546 51.4157185874995 48.8741977583153
"206" 2397 152.132950632321 152.131202812624 152.121304829441 152.058482021206 151.633974370313 148.592510461111 123.502633708290 68.9869696181953 54.8998025868153 52.6420985074808 51.3126290998216 48.7940742412543
"207" 2398 152.149553459649 152.148040532095 152.138647595371 152.079199011492 151.677192061429 148.805252658524 124.999469558312 70.0126523925616 55.1941055360375 52.8243716833615 51.4873338743573 48.9862714645613
"208" 2399 152.794596288428 152.793454777705 152.784843307546 152.729806971792 152.357172248261 149.703582627145 127.558365751147 71.8473899296746 55.86676151417 53.3178003756493 51.9620119418522 49.472909760111
"209" 2400 153.100407436719 153.099484565674 153.091563127120 153.040618011270 152.695147980676 150.241217894569 129.650196852359 73.5557495207304 56.4330447611927 53.7067963024297 52.333291612044 49.8581154372229
"210" 2401 153.276772091591 153.276681596630 153.269267183060 153.221984630687 152.900300836261 150.624549265288 131.466037539243 75.2180636714153 56.9533690191325 54.0472370847474 52.6558459045886 50.1955562611786
"211" 2402 153.613256326561 153.612977786382 153.606201807842 153.562577490957 153.265798090963 151.171445727444 133.509840964049 77.2466336386717 57.6190390241157 54.4949221348659 53.079881405719 50.6326409603378
"212" 2403 153.272394725515 153.271451896702 153.265146000017 153.224083565025 152.944972300091 150.978536106647 134.401823292151 78.472144557174 57.8953280465967 54.6160879341477 53.1879909026375 50.7592522437214
"213" 2404 152.793053610249 152.793362506024 152.787244089837 152.748235382745 152.482766301639 150.615993848672 134.916841313623 79.4042904406868 58.0406302590546 54.6288229638738 53.1911836819544 50.7825374855416
"214" 2405 152.314280609920 152.314637148289 152.308782465374 152.271731244421 152.018589204644 150.241446787800 135.344544200041 80.3001857129629 58.1663364633175 54.6216565262888 53.1744716443807 50.785930551041
"215" 2406 152.066457629293 152.066824348977 152.061333973426 152.025855007871 151.784448975723 150.093402637985 135.982203806516 81.4023240623724 58.3856573056667 54.6849301366178 53.2243558150338 50.854354908502
"216" 2407 151.815596527395 151.815691885769 151.810427070529 151.776587204714 151.546686521732 149.938565933112 136.580638466431 82.541498183861 58.6110694188271 54.745682873696 53.2702898062597 50.9186289528888
"217" 2408 151.229580952778 151.230493745810 151.225354789569 151.193029718501 150.971792977679 149.425983339324 136.644074711548 83.1934370734338 58.6172485954822 54.6307216224173 53.1473451555031 50.8166650522253
"218" 2409 150.927021326838 150.927716392127 150.922779028295 150.891769189278 150.679395259709 149.197991273622 137.015225307899 84.1491120059118 58.7570392952918 54.6154333994215 53.118653575258 50.8068665236389
"219" 2410 151.032069155029 151.032794901776 151.028230794592 150.998603572578 150.795853233418 149.386187973445 137.866815908818 85.6198904454958 59.1176623514192 54.7622386510799 53.2426772582224 50.9465285955129
"220" 2411 151.384371014135 151.384836527425 151.380619381125 151.352593372655 151.161157441927 149.831384075294 139.034836175995 87.5423992607662 59.6606548661009 55.0338614544749 53.4827187219488 51.1996840216695
"221" 2412 151.460326284322 151.460511454820 151.456563401779 151.430122840040 151.248834258356 149.991068098843 139.83712790944 89.2146071185544 60.0864760535201 55.2051722209659 53.6252723842276 51.3568733451957
"222" 2413 151.464872644041 151.465243280882 151.461293179334 151.436431115379 151.264400481063 150.072445552403 140.506678358194 90.8202277884221 60.4842060886757 55.3467180728177 53.7378139792279 51.4841971656127
"223" 2414 151.738417977446 151.739076599136 151.735087009997 151.711763032567 151.549632083730 150.427727611480 141.480905615173 92.8703962627071 61.0734598866842 55.6162110271765 53.968547595333 51.7271791314847
"224" 2415 152.003911930283 152.004397154094 152.000711184483 151.978646936289 151.826358770407 150.773202072234 142.428867505272 95.0377660464913 61.7152256907461 55.908219226709 54.2174519908353 51.9875139954939
"225" 2416 152.083789237045 152.084030350640 152.080589239233 152.059977602823 151.916278189151 150.924139395368 143.112480730677 96.9853403154035 62.2737032033713 56.1292740952121 54.3973910182243 52.1798336907811
"226" 2417 152.241077712503 152.241310196361 152.238040482701 152.218815304539 152.083422856058 151.150193870116 143.851506643988 99.0836638602547 62.9131119368557 56.395110194564 54.6166075187106 52.4102801595896
"227" 2418 152.592733508381 152.593021965203 152.590055902993 152.571996503403 152.445264925013 151.572823752635 144.799796224209 101.576418187354 63.7444589681885 56.7764173655008 54.9397575066575 52.7421809878497
"228" 2419 152.741100670543 152.741495322357 152.738598317914 152.721550235347 152.602834170935 151.785225977957 145.480929959502 103.831597723026 64.4984680434879 57.0888914545176 55.195546990094 53.0076338128692
"229" 2420 152.361523632161 152.361736524675 152.359065403335 152.342839939272 152.229704874520 151.451783875729 145.488712952882 105.158387376918 64.8647024901478 57.1365373429059 55.2049408839645 53.0313064427796
"230" 2421 152.075038817915 152.075212942771 152.072882477636 152.057201024694 151.949296973029 151.206398601168 145.549970198488 106.490974639230 65.2583597751014 57.1998893095018 55.2278147594856 53.0678350713658
"231" 2422 151.851423099220 151.851556764204 151.849354156420 151.834534509530 151.731283458584 151.021889819558 145.655533332007 107.872492871673 65.6964588933508 57.284667757218 55.2683898585612 53.1212579616083
"232" 2423 151.366094279590 151.366122526179 151.363978457343 151.349687699119 151.250279238380 150.567766425288 145.432154348622 108.756783264435 65.9198798510593 57.2259509491817 55.1760439693961 53.0440523793413
"233" 2424 150.814416717604 150.814344026919 150.812237167574 150.798357782594 150.702243853841 150.042788588876 145.105716210863 109.442414915409 66.0629253279058 57.1129996655662 55.0330977814044 52.9168908000557
"234" 2425 150.154806622805 150.154510380227 150.152472914814 150.138938908287 150.045593612370 149.405618792722 144.635755523190 109.876577266671 66.0955051054524 56.9280709847449 54.8237394318212 52.7242478372808
"235" 2426 149.761725120939 149.761374081130 149.759646681978 149.746539632418 149.655793281259 149.034978823323 144.433661499648 110.598270249493 66.2756374653028 56.8319521260128 54.6937054211238 52.6086049361073
"236" 2427 149.530480133863 149.529879089296 149.528259648969 149.515506905581 149.427560238439 148.827059346733 144.397961487504 111.522860000230 66.5661863348531 56.795735492 54.6155468155548 52.5431212315308
"237" 2428 149.242474332823 149.242122830666 149.240595263319 149.228236888393 149.143052271572 148.561486660611 144.291848180717 112.336832207934 66.8152450638 56.7260546787335 54.5050603626081 52.4454294779409
"238" 2429 148.834726590518 148.834041017692 148.832268797989 148.820446333820 148.737826244185 148.173850068006 144.048868759071 112.957315977542 66.9807295584728 56.5998073183767 54.3418747669347 52.2957335204743
"239" 2430 148.426011135217 148.425536772577 148.424117283527 148.412502279513 148.333501382088 147.794175827490 143.852795267582 113.771224986056 67.2773799003739 56.484244110846 54.1669867539693 52.130876536957
"240" 2431 148.098863146345 148.098501706656 148.097155918075 148.086474642565 148.013727636975 147.516699632104 143.875140783087 115.433300390549 68.4111005961549 56.5650946919935 54.0383130712308 51.9881857672143
"241" 2432 147.563874578812 147.563577340711 147.562344934193 147.552478674748 147.485452404858 147.027219796279 143.662458248475 116.882838903773 69.9871145557888 56.7920917561243 53.869397171191 51.7718132459926
"242" 2433 146.815734171664 146.815329752689 146.814170920606 146.804978006724 146.742534017496 146.315513952538 143.174651445885 117.821384443528 71.4999543882746 57.1167879363227 53.6598221746831 51.4811684112713
"243" 2434 146.164163443338 146.163886152856 146.162853996573 146.154268877371 146.096307383575 145.699405471226 142.775150410583 118.846734867685 73.3362294858984 57.7817905403014 53.5452697980495 51.217857480773
"244" 2435 145.781723224443 145.781248950792 145.780314791436 145.772466481990 145.719189505227 145.354548337547 142.663059896588 120.303600336649 75.8391351724361 59.0092728870835 53.6300368334039 51.045031258167
"245" 2436 145.649685869652 145.649235869009 145.648408781374 145.641369292698 145.592823861791 145.261265559494 142.809646938503 122.113850209510 78.938662464088 60.817093713952 53.9349124659066 50.9635775419074
"246" 2437 146.084188465845 146.083816923239 146.082976837105 146.076753018273 146.033773968432 145.740350589186 143.565313673001 124.849041678740 83.4230342215004 63.7960969139281 54.7024866691551 51.0978193282227
"247" 2438 146.419111117920 146.418745652824 146.418136785245 146.412484771637 146.374437023578 146.114546762754 144.184139377665 127.288955389906 87.8046645583998 66.9738218049701 55.5618860373901 51.2366237894894
"248" 2439 146.080542833376 146.080202078878 146.079557475319 146.074489787642 146.039843241260 145.802095645334 144.034656799705 128.397020039776 90.5030347080534 69.0348206184297 56.002431968336 51.1425655648144
"249" 2440 145.523301818648 145.523364759196 145.522814710575 145.517987951529 145.485944880155 145.265706914271 143.626345648584 128.999075082457 92.5119712764784 70.6140636170415 56.2708862223835 50.9605326189151
"250" 2441 145.170243831313 145.170445681716 145.170411606789 145.165722894883 145.135983608477 144.933609775533 143.423867181567 129.834759405424 94.8613874759924 72.5053856162717 56.681546607899 50.8429046602554
"251" 2442 144.983901317319 144.983904793552 144.984081026182 144.979543852032 144.952394204465 144.767530881016 143.385899204279 130.839775165616 97.4806743368617 74.6823478943861 57.2266582853235 50.782603750976
"252" 2443 144.647425921982 144.647292058994 144.647495418658 144.643238999319 144.618324502813 144.447919127784 143.173548131148 131.516554422222 99.6426312526923 76.5484251129938 57.6616116728483 50.6671008766573
"253" 2444 144.055440491409 144.055227185200 144.055471945249 144.051462317809 144.028221988579 143.868993418279 142.677446815487 131.718487429513 101.096108838017 77.8559079293196 57.879838863806 50.4542270360571
"254" 2445 143.316568892844 143.316390728388 143.316626197665 143.312784572023 143.291005734153 143.140695681329 142.016049615395 131.62778769601 102.085293369428 78.7828387337563 57.9511577784491 50.1800541858035
"255" 2446 142.712126550025 142.712235310783 142.712421434382 142.708923690063 142.688349834494 142.547197940711 141.489073702392 131.674164383371 103.238692125639 79.8600227518734 58.0947790324331 49.9398331695869
"256" 2447 142.382597614074 142.382633593125 142.382790733256 142.379573838058 142.360489488920 142.228966539876 141.243276370900 132.053796291493 104.850312608619 81.3616591900039 58.4304508089056 49.7830642466136
"257" 2448 141.844581902387 141.844328625231 141.844341496560 141.841411015440 141.823490002037 141.69973282747 140.772489457679 132.093241245316 105.950027002267 82.4529322593548 58.6064028424782 49.5565386391826
"258" 2449 141.340691994826 141.340594058726 141.340524503359 141.337687702790 141.320943427678 141.204435430559 140.331441553085 132.131041518354 107.022409660677 83.5937388618554 58.8576653284191 49.3486462316864
"259" 2450 140.741889955179 140.741876912298 140.741795431542 140.739155125299 140.723121069163 140.613029235154 139.78719039994 132.006426167297 107.854024698200 84.6362163144507 59.1750415620886 49.1440818831426
"260" 2451 139.915806147810 139.915746376596 139.915722812936 139.913031578370 139.897838631419 139.792562671043 139.002546978758 131.542489384211 108.160509088976 85.2177171870658 59.3367765044577 48.8775021651745
"261" 2452 139.170415700342 139.170289844806 139.170338373564 139.167625181848 139.153138566352 139.052613167748 138.298160625519 131.157019002715 108.553077519424 85.9129365666092 59.6144747707387 48.6534316978326
"262" 2453 138.509317685337 138.509247332277 138.509218627347 138.506792067266 138.492878553525 138.397022846359 137.677749060880 130.851622737476 109.029216405677 86.7132275176653 59.9983151970296 48.470429033751
"263" 2454 137.968233129938 137.968294868731 137.967967918579 137.965755250150 137.952463968220 137.861266982263 137.177607320944 130.672007472414 109.655217293259 87.6868536674721 60.5267812989749 48.3421166492513
"264" 2455 137.768776848178 137.769432113532 137.76897229094 137.767112798083 137.754445813749 137.668510286225 137.025483568219 130.885765698910 110.795278941236 89.2202909109333 61.4529980697372 48.3611251060502
"265" 2456 137.920755219526 137.921033090051 137.920530275131 137.918967658531 137.906976202164 137.827171112783 137.228676402183 131.497512332913 112.460057512648 91.3521229084187 62.8376115344745 48.5481114077322
"266" 2457 138.463090654715 138.464060873580 138.463704209217 138.462111054643 138.451341084284 138.377654847298 137.827751127013 132.545247847411 114.693599925073 94.1538119779835 64.7706682174134 48.9377707251697
"267" 2458 139.290969387382 139.291613595903 139.291364039194 139.289918213504 139.280064539862 139.213279409349 138.714402169362 133.902978070085 117.341348767235 97.497987573492 67.22823358893 49.5195833110214
"268" 2459 139.682461484280 139.682971818546 139.682812354782 139.681498019781 139.672507097270 139.611237049222 139.153351896224 134.725764803184 119.258929294543 100.099694124461 69.2588603775092 49.9458042179563
"269" 2460 139.604371301719 139.604910172155 139.604788691953 139.603580542551 139.595265832396 139.537985198623 139.111605178025 134.978376100814 120.379933906931 101.825293794081 70.6791677770932 50.1542390896930
"270" 2461 139.218026543711 139.218672762009 139.218391551650 139.21734620781 139.209581710101 139.155402529792 138.753584035822 134.852096770026 120.954899422807 102.926081177630 71.6334765790907 50.1997400305325
"271" 2462 139.133082685608 139.134245825799 139.133893174747 139.132701664375 139.125686527581 139.075072198988 138.699907833121 135.050244375781 121.922048192587 104.471112705925 72.949545708721 50.3842646935451
"272" 2463 140.07835802273 140.079545791653 140.079116945770 140.078141355744 140.071714748958 140.026044256953 139.687730860264 136.388676085280 124.344884223124 107.717020038362 75.7192949671517 51.1186578247313
"273" 2464 141.491171537645 141.492116749130 141.491430967220 141.490471607111 141.485049381526 141.444963252841 141.146664904421 138.230415827611 127.406032507387 111.798814493929 79.4353441351152 52.2297406949419
"274" 2465 142.126693732222 142.127381906508 142.126939427776 142.126156902734 142.12124775728 142.085045532518 141.816693871883 139.186901361366 129.307221131988 114.583623038295 82.2271158441806 53.0143261543110
"275" 2466 142.381399535383 142.382269115709 142.381934634460 142.381203263440 142.376648419861 142.343863100307 142.099228716624 139.699759252815 130.596823776518 116.647229862537 84.4437055903056 53.5976240802092
"276" 2467 142.870526554532 142.871636645355 142.871337507153 142.870464662632 142.866281495715 142.836871879910 142.616221250549 140.450235713767 132.147994053076 119.028764852592 87.0483317150573 54.3574821153722
"277" 2468 143.192255197865 143.192545785925 143.192319955413 143.191397367288 143.187790486788 143.161128523602 142.961331475755 140.998661181906 133.406236793521 121.063250202903 89.418784957921 55.0527381393407
"278" 2469 143.516349763186 143.51712286673 143.516908225110 143.51596166683 143.512567805886 143.488581587016 143.308007918491 141.532412307596 134.602485649444 123.014708018711 91.7825724934787 55.7742935566323
"279" 2470 144.097094524905 144.097820051982 144.097537876193 144.096643941091 144.093702554500 144.072273083065 143.911184544776 142.325129818184 136.076440239775 125.296470059052 94.5892362857368 56.7183469217256
"280" 2471 144.794203252408 144.794995634401 144.794690570359 144.793922703747 144.791360044272 144.772299446149 144.629723863762 143.225439331587 137.640168692369 127.685176838527 97.6475592539371 57.8238821933596
"281" 2472 145.683016239722 145.683789912716 145.683394360138 145.682802923385 145.680889528185 145.664200866731 145.539576755184 144.313115036022 139.386897718125 130.292832716285 101.112226036891 59.183634546394
"282" 2473 146.528983595999 146.529030593836 146.528919969849 146.528630512523 146.526800834232 146.512312200449 146.403860089208 145.338562467283 141.019457156685 132.760768199005 104.606706980172 60.6559868794347
"283" 2474 147.039724263789 147.03961105268 147.039563013788 147.03920764333 147.037568273275 147.024986721793 146.929785922017 145.995455550717 142.176051530313 134.638321155116 107.540708567973 61.9570180471288
"284" 2475 147.183321921358 147.183384516766 147.183288953296 147.182861786129 147.181517285381 147.170323137880 147.085124964637 146.253530797492 142.829202591214 135.882115080446 109.769009081402 62.9791147891423
"285" 2476 146.729360400013 146.729563848527 146.729677238350 146.729168996923 146.727962056709 146.717693206545 146.639375110493 145.876170312717 142.717825860007 136.181310114985 110.840649512804 63.4469816551419
"286" 2477 145.824765913248 145.824910125570 145.824907215964 145.824379930853 145.823479468022 145.813711267712 145.739759471452 145.020172565520 142.032493325756 135.765015588358 110.987876804144 63.4427659859514
"287" 2478 145.184167745076 145.184564547203 145.184667146794 145.184150991161 145.183355108125 145.174152461518 145.104990498971 144.432584263121 141.629457084645 135.647399325661 111.436081719811 63.5924303365148
"288" 2479 145.180428069632 145.181172695967 145.181338134125 145.180868518392 145.180133990171 145.171808246335 145.108628529270 144.497220960140 141.932275882782 136.314760492286 112.787877723603 64.2322991445519
"289" 2480 145.044054211915 145.043902494471 145.043999471454 145.043544845700 145.042787154635 145.035262004502 144.977196194532 144.417861189031 142.058321431013 136.764340146165 113.903774179654 64.7830961851253
"290" 2481 144.211055141568 144.211012600842 144.211094048120 144.210912742888 144.209987082363 144.202817758030 144.147980082853 143.618593176257 141.378160864440 136.281579518580 113.901083435478 64.7427008246239
"291" 2482 143.143424434392 143.143901900295 143.143959038951 143.143642953641 143.142674220259 143.135997185352 143.083210363330 142.574482764574 140.416653653896 135.460371185595 113.456498940360 64.4594719466473
"292" 2483 142.216364931930 142.216956267023 142.217011593597 142.21669284616 142.215761428937 142.209390601423 142.158902643674 141.671962696368 139.601372532908 134.789598829576 113.157426373923 64.2493878281234
"293" 2484 141.368361756284 141.368820629974 141.368883987163 141.368513792602 141.367685756486 141.361527389888 141.313232084465 140.847745169804 138.862691064941 134.191412422519 112.917305820294 64.0691734168627
"294" 2485 140.627115773738 140.627902567908 140.628019415807 140.627429440647 140.626836819592 140.620734683926 140.574638239472 140.131018562833 138.232549378691 133.71024744865 112.831056713598 63.993522903581
"295" 2486 140.041749356571 140.042472523381 140.042585788146 140.042008372905 140.041449456161 140.035664858624 139.991866346318 139.570863453578 137.764240740973 133.409131119809 112.997966654166 64.102811129708
"296" 2487 139.612254729001 139.612943126276 139.613079309904 139.612501139732 139.611995324446 139.606516780163 139.565117578098 139.167379300194 137.455760507372 133.280852642572 113.401044275045 64.4075187479692
"297" 2488 138.892073354007 138.892790639089 138.892749463136 138.892172620368 138.891776046131 138.886464862226 138.846753822154 138.466147729561 136.824176481950 132.777083509224 113.284026594143 64.3592676861296
"298" 2489 137.871119015515 137.871634790696 137.871569757663 137.871017425856 137.870609441683 137.865467246244 137.826835460551 137.457085680749 135.858406038582 131.882879953362 112.617651158258 63.9513810913863
"299" 2490 137.070941198291 137.071355895635 137.071242070868 137.070736483388 137.070346216253 137.065369856907 137.027909486333 136.670430905063 135.118621039081 131.197224075659 112.075377106244 63.587492755779
"300" 2491 136.487721627413 136.487958213546 136.487848207445 136.487391147799 136.486982107249 136.482184417051 136.445903594329 136.101218574336 134.595584523564 130.695272147194 111.607071512792 63.2538657911533
"301" 2492 136.136070702901 136.136160410382 136.136078213444 136.135630648659 136.135203729213 136.130761887502 136.095483934192 135.763752711252 134.300951785575 130.383570210757 111.220870267422 62.9630535218369
"302" 2493 136.787484246345 136.787473217171 136.78750385929 136.787089238717 136.786703921089 136.782322614438 136.748508794888 136.434093981067 135.024529397231 131.019985483844 111.510924995019 63.0150995234169
"303" 2494 136.839836007452 136.839607194013 136.839928806703 136.839230669547 136.839030863532 136.834802376935 136.802026192577 136.500410872974 135.130934337713 131.064688842985 111.34478861967 62.8501755909022
"304" 2495 136.247686952703 136.248220467514 136.248439525696 136.247755553542 136.247700049203 136.243411925186 136.21125432975 135.917604478285 134.570685106284 130.455174006692 110.656743429428 62.4319762390091
"305" 2496 135.827471808839 135.826798274589 135.827054423792 135.826524075215 135.826411903411 135.822152970819 135.790513017713 135.503941720795 134.173639126595 129.967988147123 110.014477058054 62.0467879499776
"306" 2497 135.329534425305 135.329835925776 135.330028884813 135.329592527156 135.329376038742 135.325284442076 135.294261779723 135.015323107053 133.70842348781 129.465177891448 109.431000273305 61.6694349231284
"307" 2498 134.476834193046 134.476483140845 134.476671907124 134.476277593201 134.476000452506 134.471997719126 134.441572438412 134.169008706040 132.886579512742 128.666820070513 108.70415827494 61.2116977188078
"308" 2499 133.451373065777 133.451103424958 133.451296357386 133.450878021842 133.450654949894 133.446662984119 133.416760190068 133.148717380586 131.883968892881 127.685110349428 107.824758534411 60.6881853604151
"309" 2500 132.543259843546 132.543018139949 132.543201226994 132.542788256808 132.542562319335 132.538620996006 132.509142768066 132.245734640605 130.997154092333 126.799031212867 106.988410249889 60.1836068490332
"310" 2501 131.840858507952 131.84069975128 131.840878471391 131.840498913405 131.840279576989 131.836376242852 131.807273399716 131.548521827439 130.313574981808 126.085634622060 106.24409818748 59.7221329871148
"311" 2502 131.287327388545 131.286940724781 131.28713178647 131.286695855650 131.286536617135 131.282788801078 131.253992356976 130.999774144411 129.776526182928 125.500030776087 105.574016965790 59.294927096605
"312" 2503 130.820721099341 130.820829126486 130.820822408909 130.820313980115 130.820581599521 130.816746380937 130.788391378476 130.538331779324 129.325483281012 124.994202247489 104.956082842744 58.8901407508387
"313" 2504 130.278319248605 130.278269352244 130.278268312589 130.277774152845 130.277975170419 130.27420239222 130.246141136761 130.000140945030 128.797447546893 124.420626287080 104.298874441293 58.4665745453324
"314" 2505 129.740803314976 129.740740041968 129.740764352133 129.740267010777 129.740473859506 129.736685290882 129.708796122172 129.466042841154 128.269173983496 123.831092955012 103.611360772608 58.0337569695376
"315" 2506 129.86727477038 129.867213399063 129.867229003297 129.866758034126 129.866926200523 129.863144561245 129.835622555718 129.598143651152 128.413997997591 123.904137650866 103.431135470077 57.8124458961546
"316" 2507 130.460606960053 130.460465854699 130.460506737881 130.460023903555 130.460170965130 130.456521047997 130.429784420045 130.201509141777 129.051770698884 124.561019176154 103.915653943448 57.8669530312375
"317" 2508 130.216265801256 130.216392345306 130.216524034893 130.216063486437 130.216017106438 130.212742469514 130.186312519476 129.964970658044 128.843885180900 124.403432031704 103.797959586317 57.6648379279836
"318" 2509 129.683548438622 129.683986105460 129.684290664785 129.683738506455 129.683766090321 129.680559817628 129.65443935986 129.437983936108 128.336042071716 123.919229381170 103.340806479619 57.3151878657224
"319" 2510 129.571162129361 129.571605602005 129.571946536855 129.571365252148 129.571412329541 129.568312578810 129.542777431162 129.332307578971 128.254162597381 123.864267312417 103.259624471663 57.1257478209868
"320" 2511 129.324913370037 129.325156250080 129.325568268032 129.324933927321 129.325004701905 129.321937430171 129.297182736795 129.093242269163 128.044699651208 123.729767273304 103.262134071377 56.9990177465718
"321" 2512 128.873928531513 128.87457901829 128.875019446366 128.874357448015 128.874408368492 128.871430619109 128.847350859652 128.649123811582 127.627232701884 123.388167477135 103.099084914585 56.8073830740852
"322" 2513 128.218084221713 128.218149947864 128.218669549107 128.217985534797 128.218014991694 128.215044800300 128.191586684229 127.997426241945 126.994541840758 122.803151013367 102.636371280868 56.4679674721502
"323" 2514 127.626388423252 127.626758058653 127.627280821909 127.626598846792 127.626611932345 127.623695292135 127.600650116204 127.410428076834 126.424309299447 122.267547963612 102.180403579702 56.1260109626422
"324" 2515 127.487348590986 127.487656192043 127.488180738255 127.487484285192 127.487531766204 127.48468373829 127.462208909036 127.277261219802 126.314156583595 122.208393406558 102.191644196452 55.9913958561855
"325" 2516 127.022686478624 127.022970682218 127.023466205859 127.022764033862 127.022755729298 127.020025926489 126.997982828668 126.817255558581 125.873160512686 121.814591785273 101.903880399662 55.7302461619377
"326" 2517 126.252641297204 126.253273286007 126.253771972160 126.253093603710 126.253076028394 126.250402430566 126.228727875011 126.051274521545 125.122862170440 121.111685037192 101.353099559778 55.3653392231297
"327" 2518 125.536796605023 125.537383901182 125.537873015691 125.537209331912 125.537191908971 125.534565455381 125.513295983623 125.339354704541 124.427646777395 120.470043484914 100.879902223364 55.0407194205735
"328" 2519 124.887580096777 124.887956328359 124.888452059924 124.887809310616 124.887764146566 124.885201944341 124.864354247744 124.694051719062 123.799834074604 119.899958497740 100.490786507361 54.7639110997995
"329" 2520 124.606024779857 124.606456717354 124.606898143305 124.606328421689 124.606252949765 124.603807675856 124.583411948984 124.417362235069 123.542991499379 119.701453415119 100.435017157962 54.6288464259511
"330" 2521 125.290667238947 125.291168997664 125.291662474461 125.291031491655 125.290952249738 125.288420706367 125.268516992299 125.107293752666 124.25142543193 120.426462349329 101.064412731976 54.7527641725547
"331" 2522 125.533476729229 125.533845741928 125.534337107440 125.533714767926 125.533641465191 125.531162223354 125.511686967922 125.35436568947 124.513726645636 120.705391530660 101.297214119997 54.7069382610335
"332" 2523 125.018457928883 125.018883236218 125.019352158979 125.018872709784 125.018639808847 125.016306982320 124.996974863655 124.842428242910 124.012978734432 120.225912524603 100.873918091282 54.385926885842
"333" 2524 124.488033700140 124.488373283852 124.488835565268 124.488362850034 124.488108878022 124.485792461479 124.466633374700 124.313833911004 123.490019076174 119.696018667114 100.339669107959 54.0173722911725
"334" 2525 123.684913117648 123.685399721522 123.685816616846 123.685481771341 123.685225841360 123.682909355127 123.66382030971 123.512090517116 122.691037858486 118.889492817017 99.5774111187982 53.5683311561967
"335" 2526 122.808246028913 122.808918846035 122.80929660546 122.809062286829 122.808790469860 122.806406024291 122.787341858635 122.636148293487 121.815000099894 117.997066839487 98.7411284802247 53.098233958521
"336" 2527 122.237976385099 122.239112948947 122.239149888217 122.239268362383 122.238888258386 122.236625395722 122.216979300824 122.064181691031 121.228339468615 117.313606057105 97.9717777882964 52.6588206277736
"337" 2528 122.060113536647 122.061429569300 122.061453583294 122.061553884311 122.061105885772 122.058637716774 122.038245768840 121.880944465687 121.008578622174 116.890056609201 97.299204685589 52.2742046914359
"338" 2529 122.38934870051 122.390822181336 122.390827934723 122.391026223691 122.390434574921 122.387814193374 122.365928698738 122.199302697391 121.260888195856 116.797364351785 96.7625592166107 51.9720917143049
"339" 2530 123.43412663185 123.435713636774 123.435894544916 123.436083879331 123.435331945507 123.432318692410 123.408103161881 123.226738903692 122.184255513982 117.192593711681 96.4471668637153 51.8007142073796
"340" 2531 124.716910725617 124.718385416018 124.718610573966 124.718752403665 124.717962971856 124.714556971343 124.687601008196 124.489220656204 123.329432216307 117.742153279947 96.2018410271776 51.6811226601459
"341" 2532 124.527559795696 124.528956294951 124.528796738563 124.529068265411 124.52835502629 124.524651998193 124.497198457358 124.293804408019 123.097655021576 117.307139064469 95.5349384110282 51.3174278922069
"342" 2533 123.702431981144 123.703908879014 123.703742614641 123.704034285585 123.703327747107 123.699614820864 123.672177620583 123.469252580412 122.273090991295 116.462381275608 94.7242785037415 50.8651721913536
"343" 2534 123.210271376328 123.212349622046 123.212155294179 123.212481094709 123.211757613442 123.207874908003 123.180307362555 122.976442252197 121.770065863566 115.876485156604 94.0284150706381 50.4596640745392
"344" 2535 122.744269483976 122.745946573926 122.745792749569 122.745994637792 122.745350265174 122.741452665813 122.713626280035 122.508978301679 121.293217157312 115.320225886680 93.3561593074427 50.0621565235806
"345" 2536 121.925432598945 121.926950381888 121.926841809222 121.927041157850 121.926362402344 121.922490402563 121.894657736113 121.690842445897 120.477423852055 114.498921124278 92.5828584260914 49.6249916378033
"346" 2537 121.030247719303 121.031951252915 121.031791450144 121.031957461807 121.031337154098 121.027431882465 120.999732664660 120.796942487858 119.588195853170 113.621558479208 91.7975649198294 49.1875342355739
"347" 2538 120.169959583357 120.171558322712 120.171406730703 120.171564761454 120.170947549993 120.167060171738 120.139529443214 119.938101826332 118.736036960240 112.788419377201 91.0484169129872 48.7592980851608
"348" 2539 119.356001376808 119.357716420886 119.357570088831 119.357723107986 119.357108933618 119.353262077979 119.326020844715 119.126775335668 117.936616312687 112.032654905159 90.392414612625 48.3589231579817
"349" 2540 118.540100901522 118.541607438629 118.541474512854 118.541630200935 118.541013152405 118.537200228275 118.510287429797 118.313407682986 117.136463259311 111.285033249004 89.7644651492281 47.971068415762
"350" 2541 117.706669044808 117.708234460501 117.708114078918 117.708259464961 117.707648207183 117.703875223731 117.677246973250 117.482518402156 116.317624057649 110.514433206253 89.1138074697418 47.5783126908127
"351" 2542 116.917085234224 116.918540081242 116.91842429605 116.918573102425 116.917972406478 116.914231667649 116.887923757679 116.695592942239 115.544287275923 109.797166795591 88.5272522643609 47.2103383192907
"352" 2543 116.293574933203 116.295326401266 116.295164276314 116.295323654347 116.294698633390 116.291030395283 116.265075347995 116.075623459475 114.940197685656 109.257144289411 88.1036470117891 46.9002520848848
"353" 2544 115.893738868080 115.895072763610 115.894861559812 115.895033502298 115.894464461919 115.890792429026 115.865248016926 115.678603709997 114.559176591857 108.932563577627 87.8306449035817 46.6355349066615
"354" 2545 115.290009077575 115.291046543239 115.290935826320 115.291159794832 115.290774144440 115.28690843978 115.261879043308 115.077444687965 113.970882656957 108.391849896402 87.3658847520226 46.3047943966962
"355" 2546 114.543999544187 114.545007044917 114.544891717001 114.545080494455 114.544731666278 114.540822247697 114.516032752441 114.333541666229 113.236954658499 107.696091846648 86.7611799202049 45.9305561446934
"356" 2547 113.746088997276 113.746797276532 113.747075922519 113.747404323103 113.746799393456 113.743009853590 113.718395498041 113.537336080673 112.448986631167 106.940501005674 86.1051701231036 45.5470127450234
"357" 2548 112.908561387723 112.909265552707 112.909544740351 112.909871085167 112.909265297936 112.905502113324 112.881052833425 112.701325368550 111.6203465123 106.143035325531 85.4245897973104 45.16608794966
"358" 2549 112.083717005237 112.084417199910 112.084721706304 112.085035110582 112.084431457782 112.080689967096 112.056404153229 111.877897623425 110.803598346218 105.353902292808 84.7458909824255 44.7863964519727
"359" 2550 111.344228044279 111.345017479342 111.345402545162 111.345640969883 111.345066865740 111.341367822504 111.317106404965 111.139402845187 110.06884950878 104.628330537493 84.0828975256176 44.4040511527069
"360" 2551 110.75869788732 110.759491372403 110.759878138665 110.760127564413 110.759541710201 110.7558553064 110.73158168587 110.554126778197 109.483304042942 104.026664481227 83.4718527995207 44.032392537022
"361" 2552 110.10928351547 110.110044980785 110.110437195229 110.110662975848 110.110084877418 110.106408577601 110.082242938606 109.905514259578 108.837858582678 103.384354697733 82.8583899128843 43.6628514997748
"362" 2553 109.448501728607 109.449366933509 109.449742605852 109.449953623593 109.449358036991 109.445734647742 109.421694346487 109.245987529069 108.183376218585 102.743196285196 82.2611923695439 43.2996455221123
"363" 2554 109.018733854423 109.019749681071 109.020080996302 109.020334563635 109.019778836568 109.016135656077 108.992127875143 108.816948168090 107.755690774212 102.303310391390 81.771971973959 42.9651175470709
"364" 2555 109.146867900554 109.148426457681 109.148793325797 109.148969071691 109.148212067734 109.144599075055 109.120529749295 108.944450793821 107.874348876701 102.343035408441 81.5424234180215 42.7138125096835
"365" 2556 109.918757033640 109.920230220796 109.920477707446 109.920733915788 109.919840097023 109.916328499686 109.891975643705 109.713720951295 108.625968405257 102.954236973305 81.6478356736012 42.5755840826118
"366" 2557 110.485470226230 110.486754372080 110.486957153027 110.487357438474 110.486329336971 110.482703116744 110.458474094304 110.280554352801 109.191669663236 103.469031250694 81.8175911811265 42.4515741059931
