1	1431.9936
2	2054.98944
3	3175.9776
4	2946.98304
5	1482.98688
6	1733.98752
7	3814.97472
8	1531.99296
9	1573.992
10	2126.98656
11	4219.97472
12	1634.9904
13	2658.98592
14	4649.97024
15	2590.98048
16	1705.98528
17	1976.98752
18	1758.99168
19	1786.98528
20	3419.97984
21	5495.96448
22	4943.97216
23	1907.98848
24	4638.97152
25	2172.98592
26	2184.98688
27	3049.98048
28	2080.9872
29	3207.98016
30	4362.97536
31	5227.96896
32	4663.96704
33	4562.97408
34	3279.97728
35	4635.97344
36	3916.97856
37	6794.95392
38	4749.9696
39	7543.95552
40	5720.96736
41	5045.96736
42	7591.95072
43	8570.94912
44	2785.98528
45	4482.96768
46	8315.94816
47	8921.9232
48	8466.94944
49	4158.97632
50	6947.95968
51	3156.97824
52	3366.98208
53	3963.97152
54	8727.9552
55	8277.94944
56	8895.9168
57	8984.9088
58	4378.968
59	8206.94592
60	9116.928
61	11222.928
62	7025.95296
63	6876.95616
64	11174.8896
65	7047.95904
66	4189.97664
67	6076.96128
68	5316.9696
69	5910.96096
70	9652.9536
71	4947.97248
72	5024.97216
73	4548.96864
74	4563.96768
75	6715.9584
76	7812.95328
77	7246.95552
78	7531.95456
79	4892.97024
80	7707.95136
81	9281.952
82	6437.95776
83	7819.95168
84	7023.95712
85	12235.8816
86	12553.92
87	10808.8992
88	8315.94816
89	7975.94688
90	10224.9216
91	15384.9024
92	9989.9136
93	6336.95616
94	15862.8672
95	10288.944
96	10807.9488
97	12885.9552
98	15742.8576
99	9168.9408
100	7497.95616
101	18720.8928
102	15272.928
103	15118.8768
104	20426.8608
105	8854.9632
106	6652.95552
107	7134.9552
108	8805.9744
109	9807.9552
110	8503.94592
111	20019.8304
112	9408.96
113	9981.9648
114	16696.8864
115	23412.8448
116	21900.8448
117	14986.944
118	12800.9376
119	13014.9504
120	7720.95456
121	10397.8944
122	14594.9472
123	12557.8944
124	9287.9136
125	12166.9344
126	22052.8224
127	24207.8112
128	14713.92
129	11828.9376
130	11359.9584
131	15401.9232
132	16131.9168
133	10001.9232
134	21227.8752
135	23553.8496
136	19541.8656
137	24699.8592
138	21443.8752
139	10809.936
140	12061.9584
141	21887.8848
142	22446.8928
143	24793.8624
144	12215.9232
145	17736.8832
146	10462.9536
147	14168.9088
148	21870.864
149	18854.8992
150	13445.9136
151	14564.88
152	17973.8784
153	12404.88
154	12351.9168
155	14462.928
156	17582.9184
157	16027.8912
158	20894.8896
159	16320.8736
160	8925.984
161	8939.9808
162	10050.912
163	16933.8816
164	29435.7888
165	25426.8288
166	27833.8464
167	19659.888
168	16224.8832
169	9146.9088
170	18765.9072
171	24303.8016
172	20108.9088
173	12825.9072
174	24602.832
175	27776.8224
176	17404.848
177	20340.8928
178	10399.968
179	9323.9424
180	9243.936
181	12692.9376
182	13540.9536
183	18071.856
184	20203.8624
185	11582.9568
186	11452.9248
187	22728.816
188	16845.9264
189	19344.8736
190	20649.8592
191	16835.904
192	8892.9792
193	25765.8624
194	15544.9152
195	16651.872
196	12653.8848
197	14265.936
198	12828.9312
199	9950.9472
200	17215.8912
201	9677.9232
202	14900.8896
203	11800.944
204	8446.94784
205	9748.944
206	20810.9088
207	13781.9232
208	21846.8448
209	21557.8368
210	8271.94464
211	22362.8256
212	15395.8752
213	11538.8928
214	9656.928
215	11201.9328
216	20701.872
217	13392.9504
218	16223.9328
219	24727.8528
220	23360.832
221	17893.872
222	20951.8272
223	12310.9632
224	9474.9696
225	18498.8448
226	8156.94624
227	10636.9632
228	19314.8928
229	23299.8336
230	20118.8448
231	11123.9136
232	17569.872
233	15831.936
234	8367.94368
235	14289.8688
236	12366.9504
237	10529.9136
238	11519.8848
239	12209.9616
240	6521.95584
241	12674.88
242	15601.9392
243	10651.9104
244	13388.8896
245	8319.94848
246	12645.936
247	14718.9312
248	14342.9184
249	13442.8896
250	10227.9456
251	16634.8512
252	10127.8944
253	14999.904
254	10849.9392
255	13890.8736
256	10551.9456
257	10994.9184
258	10703.9232
259	10120.896
260	11744.9568
261	8268.94656
262	10034.928
263	10631.952
264	10437.8976
265	5318.96544
266	6363.95616
267	12106.8864
268	4854.97152
269	4892.97024
270	6557.95872
271	4757.97024
272	10426.9248
273	13617.936
274	13868.928
275	11162.9664
276	12902.8896
277	8391.9456
278	4068.97344
279	9235.9008
280	9556.9632
281	10281.9456
282	3865.97664
283	4774.97376
284	8665.92
285	5106.96576
286	8355.94272
287	7760.94912
288	4358.97504
289	3824.9712
290	4796.9712
291	3292.98048
292	3235.9824
293	4947.97248
294	6059.95776
295	4689.97344
296	4688.9712
297	3960.97344
298	5531.96736
299	2973.98304
300	2845.98144
301	6433.95744
302	6845.95584
303	8291.94624
304	8167.94496
305	8356.94496
306	7892.95104
307	6056.95968
308	5942.96352
309	7193.95776
310	2671.98048
311	3453.97824
312	4255.96896
313	2523.98592
314	2240.98272
315	2200.98816
316	4178.96928
317	4862.97216
318	6053.9616
319	5069.96928
320	3134.9808
321	4897.9728
322	2243.98944
323	2892.98304
324	1834.98912
325	4186.96992
326	4819.97088
327	3596.97888
328	3180.98016
329	2127.9888
330	3058.98336
331	1648.9872
332	4009.97088
333	1677.99168
334	1583.98848
335	3338.97984
336	1544.98752
337	1526.9904
338	1579.98816
339	2050.98912
340	2017.98432
341	4001.97024
342	3933.97344
343	1721.98656
344	1693.99296
345	3595.97664
346	2091.98592
347	2895.98112
348	1393.99488
349	1585.99296
350	1382.98752
351	1402.98912
352	1736.9856
353	1419.99264
354	3169.98144
355	1545.98976
356	1393.99488
357	1416.99456
358	2363.98176
359	1379.98944
360	1427.99328
361	2053.9872
362	3426.97824
363	3242.9808
364	1507.99104
365	1702.9872
366	1431.9936
367	1458.9936
368	1443.99456
369	1455.98688
370	3345.97824
371	1505.98656
372	3193.98336
373	2940.97824
374	1531.99296
375	2222.9856
376	4635.97344
377	3543.98112
378	3563.97408
379	2002.98528
380	4884.9696
381	1733.98752
382	2232.98208
383	3101.976
384	4706.96832
385	3955.97088
386	1814.98752
387	4186.96992
388	5871.96
389	2208.9888
390	4583.96928
391	1974.99168
392	2094.984
393	3949.97472
394	3157.98048
395	5826.96288
396	2664.98208
397	2196.98784
398	4361.97312
399	4003.97472
400	3760.97472
401	2615.98464
402	5556.96288
403	7816.9536
404	6688.9584
405	3458.9808
406	6791.95584
407	5458.968
408	6378.9552
409	5925.96
410	3704.97888
411	5822.96256
412	3140.97696
413	5737.96224
414	3844.9728
415	3046.9824
416	3745.97568
417	9900.9216
418	9377.9424
419	5133.96576
420	8139.95136
421	3382.97472
422	4981.97088
423	6735.96
424	9379.9296
425	10362.9024
426	4492.9728
427	6174.9648
428	7882.94592
429	5455.96128
430	5124.96288
431	4743.97344
432	8797.9392
433	7115.95584
434	4223.97504
435	4239.97632
436	6009.95808
437	4462.97472
438	13351.9104
439	4498.96896
440	10422.9504
441	4628.9664
442	13293.936
443	5262.9696
444	6193.96416
445	11743.92
446	4958.9712
447	9521.9712
448	8368.94592
449	9766.9152
450	7598.94912
451	15720.912
452	10479.9744
453	5423.96736
454	6145.96032
455	12542.9472
456	14452.9056
457	9874.9152
458	10719.9072
459	14413.9392
460	14056.9344
461	5950.96416
462	6016.96512
463	14556.9312
464	17254.8576
465	13308.8832
466	12716.9568
467	11685.9456
468	12231.9072
469	13776.912
470	17640.8928
471	17775.8496
472	7132.95072
473	7331.95584
474	16249.8528
475	16107.8976
476	12863.9232
477	16112.9088
478	11541.9168
479	7136.95104
480	7893.95328
481	16364.9376
482	20103.8976
483	11590.9056
484	19492.8768
485	12144.9024
486	11006.928
487	12715.92
488	16447.8816
489	19431.8784
490	22484.8224
491	22266.8352
492	18476.8992
493	22938.8544
494	22651.8336
495	14407.8912
496	20192.8896
497	11405.9232
498	22131.8784
499	20389.8816
500	19288.8864
501	18330.8832
502	18363.888
503	17497.9008
504	18877.8816
505	24034.8384
506	22779.8784
507	24758.8704
508	24667.8048
509	19557.8496
510	22586.8608
511	13186.8864
512	22394.88
513	27497.8368
514	26328.8448
515	27247.7952
516	21890.8224
517	21909.8304
518	10856.9376
519	21177.8496
520	12694.9248
521	21941.8848
522	17060.8896
523	13262.9184
524	17719.8624
525	10589.9616
526	12445.92
527	16259.8752
528	19205.856
529	19482.8544
530	20474.8992
531	21239.8848
532	26024.8032
533	25400.8224
534	24710.832
535	28185.84
536	27609.8112
537	28609.8048
538	24819.8688
539	22000.896
540	29612.8224
541	27585.792
542	27610.848
543	15246.9216
544	15950.9088
545	12482.8992
546	20309.8752
547	13258.944
548	13350.8736
549	21446.8992
550	26826.8544
551	28359.8496
552	26340.8544
553	16942.8672
554	8847.9648
555	12748.9248
556	11052.8928
557	18863.8848
558	27220.8384
559	22520.8512
560	27632.7936
561	22456.8288
562	27723.8592
563	25157.8656
564	26095.824
565	23933.8368
566	27244.8576
567	25238.8224
568	22143.888
569	22036.8384
570	26217.8208
571	23907.8304
572	21686.832
573	19652.8896
574	22584.8736
575	14624.928
576	13430.88
577	14839.8912
578	13990.9248
579	24232.8672
580	16367.8752
581	16042.9248
582	24486.8832
583	25315.8048
584	21869.8272
585	20806.848
586	20991.8304
587	12259.9008
588	16527.888
589	15180.912
590	17818.8768
591	15600.9024
592	16348.8672
593	16956.864
594	17641.9296
595	20419.8624
596	21566.8224
597	21844.8576
598	18131.904
599	22213.872
600	17989.8624
601	21302.8704
602	17531.856
603	7188.9552
604	9311.9328
605	18399.9168
606	20920.896
607	6459.9552
608	15684.8832
609	15462.9216
610	14595.8976
611	13249.872
612	17047.9296
613	8957.952
614	17062.8768
615	18050.8608
616	15003.8784
617	5933.96064
618	5755.95936
619	6569.95968
620	5789.9664
621	5775.96096
622	7865.95104
623	7083.95328
624	5947.96608
625	5875.96032
626	5930.96256
627	9645.9552
628	14044.9248
629	14204.9376
630	13450.9248
631	7061.95584
632	11262.9312
633	11584.944
634	11689.92
635	5925.96
636	5023.96992
637	8539.9488
638	9979.9776
639	9573.8976
640	4416.97536
641	5319.96768
642	4239.97632
643	9943.9488
644	8092.94976
645	4050.97632
646	3989.97792
647	10289.8944
648	6298.95744
649	6370.9632
650	4969.96992
651	5158.96992
652	7315.95456
653	7923.95136
654	4642.97184
655	3968.97408
656	10850.8896
657	5351.9616
658	5050.96992
659	7300.95552
660	3125.97792
661	4454.97408
662	5225.96448
663	9001.9296
664	4723.97184
665	2932.9776
666	2916.98496
667	4469.97312
668	3134.9808
669	6772.95648
670	6920.95968
671	6196.96224
672	3071.97792
673	6193.96416
674	4808.97216
675	4246.97472
676	6062.96448
677	2301.98112
678	2386.98144
679	3525.97536
680	2300.98752
681	3125.97792
682	5768.96256
683	3716.97984
684	4138.97472
685	1996.98912
686	5307.96672
687	3388.97952
688	3013.9776
689	3372.97824
690	1919.98944
691	1805.98464
692	4778.96544
693	5199.96672
694	4019.976
695	5101.9632
696	5450.96736
697	3183.97824
698	2070.99072
699	4522.97088
700	4178.96928
701	2380.98528
702	1544.98752
703	1526.9904
704	2765.98368
705	1864.9872
706	1478.98656
707	1464.98976
708	1633.98816
709	3405.9744
710	1428.98688
711	1665.99072
712	2771.97984
713	1400.99328
714	1393.99488
715	1837.9872
716	1587.9888
717	2136.98304
718	1375.98912
719	1923.98976
720	2175.984
721	2936.97792
722	3438.9792
723	2003.98752
724	1375.98912
725	1893.99168
726	1757.98944
727	1413.98784
728	1395.99072
729	1403.99136
730	1411.992
731	1421.98848
732	1431.9936
733	1556.98848
734	1455.98688
735	2823.984
736	2199.98592
737	1498.98816
738	1987.98624
739	4242.9744
740	1692.99072
741	2024.98272
742	3062.98368
743	1610.98848
744	4632.96672
745	3244.97664
746	1760.98752
747	1730.98944
748	5228.96256
749	4871.9664
750	1812.99168
751	2318.98464
752	2246.98752
753	4377.9744
754	2320.98912
755	4994.96544
756	2310.984
757	3748.97376
758	2188.9872
759	5710.96224
760	2118.98592
761	3438.9792
762	2991.98016
763	3714.97536
764	6421.95648
765	3859.97184
766	2648.9808
767	5151.96288
768	3047.98464
769	2495.98368
770	7691.95008
771	5682.96
772	2980.98144
773	3030.98112
774	7368.95232
775	2785.98528
776	2835.98496
777	7969.95072
778	6968.95488
779	3772.97568
780	8684.928
781	3101.976
782	3577.97952
783	8844.9408
784	8895.9168
785	6875.95392
786	3549.97728
787	5459.9616
788	9483.9552
789	9771.9264
790	3659.97312
791	9131.9616
792	10717.92
793	7979.9472
794	3950.97696
795	4866.97248
796	4772.96928
797	6523.96032
798	9461.9232
799	8804.9376
800	4709.9664
801	6733.95552
802	12603.9456
803	7093.9584
804	10021.968
805	12239.9424
806	10769.9328
807	13326.9408
808	12692.9376
809	4928.96448
810	10622.9664
811	8213.94432
812	15103.9296
813	7184.95488
814	8779.968
815	13064.8896
816	12119.9328
817	12466.9152
818	8165.94912
819	8161.9488
820	15088.896
821	16514.928
822	14415.9264
823	6363.95616
824	11576.9088
825	16123.8816
826	19073.8368
827	19323.8784
828	16939.9296
829	19547.9136
830	17252.8704
831	7208.9568
832	10595.9232
833	13358.9088
834	14294.88
835	11603.952
836	17418.9312
837	18102.8736
838	17663.8752
839	14081.904
840	16318.8864
841	10443.9456
842	9708.9408
843	11097.9072
844	20268.8352
845	21862.8288
846	21577.8816
847	7754.95296
848	21189.8592
849	23561.8848
850	18001.872
851	22380.8832
852	23163.84
853	24429.8592
854	24854.8608
855	24310.8864
856	24655.8816
857	24620.8032
858	23886.8352
859	20364.912
860	12783.9168
861	16912.8864
862	15803.856
863	16860.8736
864	17430.8544
865	14249.952
866	17717.8752
867	22198.8384
868	21870.864
869	14712.8832
870	11120.8896
871	23328.864
872	20412.864
873	23902.8192
874	26618.8032
875	26795.8368
876	24539.8464
877	27640.8288
878	24826.8672
879	22194.864
880	9555.9264
881	14444.8704
882	22723.8912
883	11885.9616
884	16995.9168
885	12771.9072
886	21904.8192
887	10493.9712
888	11395.9008
889	16937.856
890	13998.8736
891	17288.8992
892	16492.896
893	8952.9408
894	9995.9616
895	9177.9264
896	12461.904
897	13149.9072
898	20586.8736
899	15875.9136
900	11766.9024
901	22122.8928
902	16576.8768
903	12313.9008
904	20663.856
905	20359.9008
906	13111.8912
907	10211.9616
908	14674.8672
909	16662.9312
910	19544.8896
911	18427.9104
912	18031.8528
913	13674.8736
914	24693.8112
915	23195.8944
916	10268.8992
917	14200.8768
918	18434.9088
919	9115.9776
920	20149.8624
921	13360.896
922	21367.8432
923	28439.856
924	24637.824
925	27882.8352
926	28910.8224
927	20950.8768
928	21870.864
929	24028.8768
930	27227.8368
931	27781.8336
932	27460.8576
933	25799.8176
934	17293.9104
935	24339.8304
936	26454.816
937	26003.808
938	21021.8976
939	12427.9488
940	21486.9024
941	13355.8848
942	17453.9232
943	24452.8416
944	24885.8784
945	25132.8096
946	24848.8128
947	25214.8032
948	20749.9104
949	22676.8896
950	18185.904
951	18881.856
952	16807.9104
953	13773.888
954	15186.8736
955	17932.9248
956	14016.9312
957	12050.8992
958	12026.9664
959	22040.8992
960	16473.888
961	16426.8864
962	8165.94912
963	18762.8832
964	15833.9232
965	13790.9088
966	14044.9248
967	18277.92
968	15304.896
969	15228.864
970	9766.9152
971	17907.8688
972	12455.9424
973	18926.8704
974	11408.9472
975	15859.9296
976	17361.9072
977	12750.912
978	15062.8896
979	7267.95072
980	16023.9168
981	14109.8976
982	12661.92
983	17465.8464
984	14330.9088
985	14205.888
986	9816.9408
987	12997.9296
988	9772.9632
989	9765.9648
990	10514.9664
991	9335.952
992	6725.95488
993	14115.9456
994	5034.96864
995	12400.9056
996	9367.92
997	9158.9184
998	12030.9408
999	12722.9184
1000	12953.952
1001	11466.9216
1002	13301.8848
1003	4448.96928
1004	5976.96192
1005	8833.968
1006	7823.952
1007	6842.95776
1008	9735.8976
1009	4157.97408
1010	6272.95968
1011	10949.904
1012	11152.944
1013	7055.95104
1014	8351.9424
1015	5194.96416
1016	10772.9568
1017	6852.95424
1018	8275.94496
1019	4581.97344
1020	9739.9584
1021	4738.97088
1022	3455.97408
1023	3397.9824
1024	4130.97408
1025	3776.976
1026	3108.98304
1027	5653.96416
1028	4556.96928
1029	6474.96288
1030	5356.96416
1031	4790.9664
1032	6569.95968
1033	5005.96416
1034	6466.96224
1035	6141.96
1036	6507.95904
1037	3578.97312
1038	7732.94688
1039	6890.95296
1040	5690.96064
1041	5241.96576
1042	3829.97376
1043	3974.97024
1044	2220.98976
1045	2894.97888
1046	3265.98048
1047	2104.98912
1048	3271.97664
1049	4096.97568
1050	2709.9792
1051	1990.98432
1052	2204.98848
1053	4834.96992
1054	2065.98816
1055	4183.97184
1056	3261.98016
1057	3710.97504
1058	1749.9888
1059	2259.98208
1060	3240.97632
1061	2179.98432
1062	4410.97056
1063	2410.98336
1064	3057.98112
1065	1583.98848
1066	1563.98688
1067	1544.98752
1068	1677.99168
1069	2703.98304
1070	4453.97184
1071	2283.984
1072	3117.97728
1073	1519.992
1074	2296.9872
1075	1452.9888
1076	1418.9904
1077	3540.9744
1078	3378.9744
1079	2563.98048
1080	1695.9888
1081	3213.97632
1082	1402.98912
1083	1375.98912
1084	3169.98144
1085	1371.9888
1086	1371.9888
1087	1442.99232
1088	1549.99008
1089	2610.98208
1090	2075.98464
1091	1383.98976
1092	3826.97568
1093	1443.99456
1094	1425.9888
1095	3856.97376
1096	2668.9824
1097	1671.98688
1098	1636.98624
1099	3262.9824
1100	2618.98272
1101	2640.98016
1102	3050.98272
1103	3613.97376
1104	1683.98784
1105	2593.9872
1106	2820.98592
1107	3001.97664
1108	4099.97376
1109	5423.96736
1110	4449.97152
1111	5177.96928
1112	4763.9664
1113	2000.98944
1114	2084.98752
1115	5481.96768
1116	1983.98592
1117	5508.96768
1118	2551.97952
1119	1910.98656
1120	3032.97696
1121	1976.98752
1122	2011.98816
1123	2046.9888
1124	2083.98528
1125	2120.9904
1126	2158.98912
1127	2197.99008
1128	3810.9744
1129	2596.98528
1130	2706.98112
1131	3275.97696
1132	4318.97184
1133	5787.96192
1134	2495.98368
1135	2882.97792
1136	4593.9744
1137	3475.97568
1138	8420.95008
1139	2804.98464
1140	4739.97312
1141	7453.95264
1142	3032.97696
1143	9090.9216
1144	4506.9696
1145	4040.9712
1146	4804.97184
1147	3150.98208
1148	3205.97568
1149	4064.97312
1150	3318.97824
1151	3375.97632
1152	4925.9664
1153	5418.9648
1154	3550.97952
1155	6262.9632
1156	6695.9568
1157	3816.9792
1158	10936.944
1159	3851.9712
1160	3912.97824
1161	4065.97536
1162	7247.95776
1163	5581.96704
1164	4443.97536
1165	4226.97312
1166	4289.976
1167	4353.97248
1168	13720.9248
1169	7317.9504
1170	4645.96992
1171	4612.97376
1172	5579.96256
1173	4742.9712
1174	5521.96224
1175	4873.97088
1176	8872.9344
1177	10845.9648
1178	12531.888
1179	8312.95008
1180	14159.9232
1181	5267.96352
1182	16149.888
1183	14329.872
1184	10837.9296
1185	15685.92
1186	8929.9584
1187	6556.95648
1188	5839.96608
1189	17452.8864
1190	11665.9008
1191	8900.928
1192	8636.94144
1193	12423.888
1194	11591.9424
1195	16604.8704
1196	12248.928
1197	12579.9264
1198	12554.9568
1199	16593.8976
1200	18386.8704
1201	15003.8784
1202	19226.8512
1203	16907.8752
1204	13343.8752
1205	13922.928
1206	19686.8448
1207	7288.95456
1208	21770.8992
1209	8905.9392
1210	14983.92
1211	9914.9184
1212	16035.9264
1213	18400.8672
1214	19889.8848
1215	7370.9568
1216	7424.9568
1217	9400.9248
1218	15886.8864
1219	19056.9024
1220	12674.88
1221	11701.9296
1222	14230.944
1223	15206.9184
1224	11616.912
1225	24890.8032
1226	13957.92
1227	9941.9616
1228	23686.8192
1229	16899.9264
1230	21453.8976
1231	21917.8656
1232	8185.95072
1233	8225.94528
1234	9595.9296
1235	10835.9424
1236	23690.88
1237	24015.8304
1238	24606.8064
1239	12467.952
1240	11834.8992
1241	11870.928
1242	8678.9664
1243	17726.8608
1244	8603.94528
1245	9306.9216
1246	8658.9216
1247	8684.928
1248	12358.9152
1249	14412.9024
1250	18633.888
1251	25023.8592
1252	9745.92
1253	8951.904
1254	8833.968
1255	8850.9024
1256	15921.8784
1257	20281.8816
1258	9842.9472
1259	18682.8768
1260	19373.904
1261	17075.9232
1262	11784.96
1263	11655.9648
1264	12612.9312
1265	10986.9696
1266	15610.9248
1267	16834.8672
1268	17513.8848
1269	14794.8768
1270	9221.904
1271	9081.936
1272	8941.968
1273	21155.904
1274	13272.9408
1275	22490.8704
1276	20983.8816
1277	20968.848
1278	15664.9248
1279	22016.88
1280	21047.904
1281	22108.896
1282	23436.864
1283	25437.8016
1284	21624.8832
1285	10658.9088
1286	23858.8416
1287	26250.8256
1288	20554.9056
1289	9616.9248
1290	8782.9056
1291	24473.8368
1292	15571.872
1293	19288.8864
1294	14826.9312
1295	14118.8832
1296	13411.872
1297	17373.9168
1298	17326.9152
1299	20339.856
1300	11382.9408
1301	10279.9584
1302	14210.8992
1303	14425.9488
1304	22954.8384
1305	19987.8624
1306	21896.8704
1307	8175.9456
1308	19789.8336
1309	16843.8528
1310	23039.856
1311	10335.9456
1312	17293.9104
1313	8415.94752
1314	11853.9072
1315	7798.94784
1316	21756.9024
1317	15258.9312
1318	15823.9008
1319	7718.95008
1320	20242.8288
1321	18882.8928
1322	15256.944
1323	20334.8448
1324	21989.8368
1325	19882.8864
1326	23142.8448
1327	17443.9008
1328	22042.8864
1329	17370.8928
1330	12242.88
1331	8376.94656
1332	15240.8736
1333	16354.9152
1334	21675.8592
1335	20586.8736
1336	13771.9008
1337	21282.8256
1338	18901.9008
1339	20777.904
1340	13732.9344
1341	13514.9472
1342	15845.9328
1343	13308.8832
1344	11485.9296
1345	15720.912
1346	19225.9008
1347	17618.8608
1348	16474.9248
1349	14341.8816
1350	5598.96192
1351	12564.8928
1352	14745.888
1353	10499.9328
1354	14815.872
1355	7840.94688
1356	14553.9072
1357	9361.9584
1358	13766.8896
1359	13949.8848
1360	8764.9344
1361	13684.896
1362	5631.96672
1363	4955.96448
1364	11485.9296
1365	8094.9456
1366	5347.96992
1367	4496.97312
1368	4432.968
1369	12227.9328
1370	12095.9136
1371	10174.896
1372	8005.94496
1373	10219.9104
1374	4879.96704
1375	11707.8912
1376	4111.97472
1377	3871.9728
1378	3810.9744
1379	4972.968
1380	7147.94976
1381	5171.96448
1382	5520.96864
1383	4519.9728
1384	4285.97568
1385	3562.98048
1386	10083.9168
1387	4089.97728
1388	9987.9264
1389	3174.984
1390	7475.95008
1391	3912.97824
1392	3013.9776
1393	2960.97984
1394	2908.98432
1395	2857.9824
1396	2807.98272
1397	2757.98304
1398	3276.9792
1399	7575.94944
1400	2612.98656
1401	2565.98496
1402	2926.98144
1403	4753.96992
1404	5344.9632
1405	7164.95328
1406	4155.9696
1407	2621.9808
1408	4662.97344
1409	6654.96
1410	2181.9888
1411	2143.99008
1412	2105.98272
1413	4394.96928
1414	4862.97216
1415	3455.97408
1416	1964.98656
1417	1931.9904
1418	2068.98624
1419	1868.98752
1420	5864.9616
1421	1808.99136
1422	1780.98912
1423	3249.9792
1424	2308.98816
1425	1701.98496
1426	3908.97792
1427	1652.98752
1428	1630.99008
1429	1608.99264
1430	1587.9888
1431	1568.98944
1432	1549.99008
1433	1531.99296
1434	1514.98944
1435	1498.98816
1436	4165.97472
1437	2802.98016
1438	4011.97536
1439	3374.98272
1440	4476.97152
1441	4452.9696
1442	2216.98944
1443	2238.98688
1444	1399.99104
1445	2909.97792
1446	1388.99232
1447	1384.992
1448	2202.984
1449	1378.9872
1450	3382.97472
1451	1376.99136
1452	2654.9856
1453	1972.9872
1454	2432.9808
1455	2254.98816
1456	2352.98304
1457	2590.98048
1458	1401.98688
1459	1408.99392
1460	1417.98816
1461	1566.9936
1462	1491.98976
1463	1079.99136
1464	987.99264
1465	962.99712
1466	1261.99296
1467	2208.9888
1468	1513.9872
1469	1026.9936
1470	1005.98976
1471	3596.97888
1472	3002.97888
1473	406.997568
1474	1099.99296
1475	662.995584
1476	56.9996352
1477	1807.98912
1478	1487.98944
1479	2448.98208
1480	1097.99712
1481	784.994976
1482	3594.9744
1483	5076.96768
1484	4108.97664
1485	2892.98304
1486	2429.98272
1487	2094.984
1488	3349.97856
1489	3029.97888
1490	3443.98176
1491	1250.99424
1492	936.99072
1493	665.995392
1494	1607.9904
1495	2976.98112
1496	2555.97984
1497	2904.984
1498	2387.98368
1499	3440.97504
1500	3815.97696
1501	3392.97984
1502	4725.96768
1503	1048.99104
1504	1701.98496
1505	5872.96224
1506	3124.98432
1507	4850.9712
1508	6253.96032
1509	5133.96576
1510	1957.98816
1511	4291.97184
1512	6369.96096
1513	6278.95584
1514	3449.97792
1515	2141.9856
1516	4950.97056
1517	5914.96128
1518	4804.97184
1519	4880.96928
1520	5859.95904
1521	6159.95712
1522	2724.98688
1523	7738.95168
1524	3908.97792
1525	5846.96448
1526	3882.97152
1527	7386.94944
1528	4438.9728
1529	6781.95936
1530	8439.94944
1531	5659.96032
1532	5869.96416
1533	2908.98432
1534	5761.96416
1535	5818.96224
1536	5297.97024
1537	5978.95776
1538	5637.96288
1539	4988.96928
1540	7651.94688
1541	3791.97504
1542	8962.9632
1543	6947.95968
1544	8775.9072
1545	9158.9184
1546	6655.9536
1547	9333.9648
1548	7399.95264
1549	4131.97632
1550	5928.95808
1551	6291.95904
1552	7866.95328
1553	10576.9152
1554	5315.96736
1555	9077.9616
1556	12481.9488
1557	12867.8976
1558	4942.96992
1559	7369.95456
1560	14387.9328
1561	18422.8992
1562	13522.896
1563	16347.9168
1564	10839.9168
1565	10249.8912
1566	5127.9696
1567	8605.94112
1568	14344.9056
1569	9050.9184
1570	9675.936
1571	9505.9008
1572	15132.8736
1573	10722.9312
1574	10774.944
1575	10044.9504
1576	6614.9568
1577	14970.8736
1578	10954.9152
1579	11720.9376
1580	11196.9216
1581	14063.9328
1582	4652.96832
1583	13534.9056
1584	16550.8704
1585	17541.8784
1586	14130.8928
1587	10486.9728
1588	14540.9472
1589	15205.8816
1590	13171.9392
1591	9813.9168
1592	14753.9232
1593	15421.8816
1594	6772.95648
1595	19774.8864
1596	22868.8704
1597	20212.848
1598	25460.8704
1599	22865.8464
1600	26130.816
1601	22746.8736
1602	26691.8112
1603	21689.856
1604	23455.872
1605	21085.8336
1606	20652.8832
1607	22000.896
1608	24807.8592
1609	25202.88
1610	14086.9152
1611	6429.95712
1612	12613.8816
1613	17552.8512
1614	6042.96288
1615	13028.9472
1616	17450.8992
1617	10914.912
1618	6827.95872
1619	15446.9376
1620	9734.9472
1621	15874.8768
1622	17345.9232
1623	20504.88
1624	21257.856
1625	26804.8224
1626	24286.8672
1627	17252.8704
1628	18629.9136
1629	12472.9632
1630	20720.88
1631	15059.8656
1632	17184.8736
1633	23626.8576
1634	21125.8368
1635	13666.9248
1636	13576.896
1637	19375.8912
1638	22062.8448
1639	24565.8528
1640	23744.88
1641	17734.896
1642	18574.8768
1643	12123.9072
1644	2440.98144
1645	11287.9008
1646	3856.97376
1647	10044.9504
1648	11292.912
1649	20499.8688
1650	15816.9024
1651	6838.95744
1652	4755.96576
1653	12275.8848
1654	9816.9408
1655	18035.9136
1656	4573.9728
1657	12609.9072
1658	12578.8896
1659	11818.9152
1660	16235.856
1661	15543.8784
1662	11695.968
1663	9747.9072
1664	16987.8816
1665	20844.864
1666	13530.9312
1667	19412.8704
1668	14938.9056
1669	10152.9504
1670	21565.872
1671	19775.8368
1672	17273.8656
1673	17150.9184
1674	21577.8816
1675	14330.9088
1676	10181.8944
1677	16296.8544
1678	16700.8608
1679	11699.9424
1680	17585.856
1681	12162.96
1682	8021.94624
1683	6948.95328
1684	13449.888
1685	14489.8848
1686	9759.9168
1687	7444.94976
1688	16122.9312
1689	16239.9168
1690	10837.9296
1691	13841.8848
1692	9718.9632
1693	13626.9216
1694	10951.8912
1695	14120.8704
1696	9973.9296
1697	14168.9088
1698	9112.9536
1699	12057.8976
1700	9926.928
1701	5621.9616
1702	10318.9248
1703	13830.912
1704	9772.9632
1705	15039.9072
1706	12585.888
1707	9466.9344
1708	10677.9168
1709	14966.8992
1710	11731.9104
1711	6218.95968
1712	14203.9008
1713	12883.8816
1714	8106.94656
1715	11571.8976
1716	10932.9696
1717	9007.9776
1718	7087.9536
1719	10898.928
1720	9207.9072
1721	12218.9472
1722	7886.94624
1723	4040.9712
1724	6181.9632
1725	7034.95584
1726	4849.96896
1727	2963.97792
1728	6203.96064
1729	5894.95968
1730	4001.97024
1731	6523.96032
1732	8018.94816
1733	7365.95424
1734	7459.9488
1735	6982.95168
1736	8177.95008
1737	4874.97312
1738	3129.97824
1739	8197.95168
1740	4808.97216
1741	3214.97856
1742	3647.9808
1743	4410.97056
1744	6123.96288
1745	7616.95488
1746	4232.96928
1747	4846.97088
1748	8873.9712
1749	3662.97984
1750	7904.952
1751	7923.95136
1752	8720.9568
1753	5365.96704
1754	4537.96992
1755	3242.9808
1756	5237.96544
1757	4611.97152
1758	5856.96096
1759	5707.96416
1760	3251.97504
1761	4610.96928
1762	3962.97792
1763	5659.96032
1764	4679.96832
1765	6168.96
1766	6190.95744
1767	3425.976
1768	4205.96928
1769	4780.96992
1770	3952.9728
1771	3004.98336
1772	4280.97312
1773	905.9904
1774	1306.99008
1775	898.992
1776	4029.97248
1777	4223.97504
1778	4691.96928
1779	4890.96576
1780	1584.99072
1781	1166.99616
1782	1855.98432
1783	4325.97024
1784	1779.98688
1785	3349.97856
1786	2557.98432
1787	1910.98656
1788	526.9968
1789	1395.99072
1790	2854.98432
1791	2205.98208
1792	3551.97312
1793	2078.98272
1794	2334.98592
1795	1124.99712
1796	781.995168
1797	2157.98688
1798	2034.98784
1799	2382.98112
1800	2386.98144
1801	3511.97856
1802	1891.9872
1803	2288.98656
1804	2652.98112
1805	1059.98976
1806	1795.98816
1807	1335.99456
1808	1548.98784
1809	1422.99072
1810	713.995776
1811	519.996672
1812	1004.99616
1813	2169.98784
1814	633.996288
1815	807.994656
1816	2090.98368
1817	2664.98208
1818	3001.97664
1819	3097.98432
1820	1809.98496
1821	1070.99712
1822	642.995712
1823	1970.99136
1824	2637.98208
1825	2208.9888
1826	1575.98784
1827	1746.99072
1828	1929.98592
1829	733.995648
1830	2721.98016
1831	1457.99136
1832	1008.99648
1833	978.98976
1834	1874.99232
1835	2396.98656
1836	2189.98944
1837	1251.98784
1838	1839.99168
1839	3032.97696
1840	1662.99264
1841	3234.98016
1842	2139.98976
1843	1879.98624
1844	1397.9952
1845	3712.97952
1846	2703.98304
1847	1851.984
1848	1857.9888
1849	1416.99456
1850	1407.99168
1851	1892.98944
1852	3391.9776
1853	2448.98208
1854	691.995744
1855	2283.984
1856	2424.98016
1857	1855.98432
1858	1248.98976
1859	3974.97024
1860	3435.98112
1861	1320.99552
1862	1819.99008
1863	4254.97536
1864	3526.9776
1865	944.99136
1866	923.99616
1867	679.995648
1868	887.99328
1869	413.997696
1870	1427.99328
1871	3232.97568
1872	1027.99584
1873	1946.98944
1874	4914.96768
1875	2007.98784
1876	3798.97344
1877	4687.96896
1878	5522.96448
1879	5843.9664
1880	5024.97216
1881	7230.95424
1882	4329.97056
1883	3620.9808
1884	4071.97152
1885	7352.95104
1886	8404.9488
1887	5254.96896
1888	1100.9952
1889	3392.97984
1890	4823.9712
1891	3853.97568
1892	3427.98048
1893	2817.9792
1894	7786.94688
1895	12147.9264
1896	5071.96512
1897	8563.94208
1898	8529.94368
1899	11096.9568
1900	8112.95136
1901	11606.8896
1902	4226.97312
1903	6748.95456
1904	5832.95904
1905	12494.9088
1906	11454.912
1907	4082.97024
1908	8600.9472
1909	12741.9264
1910	12658.896
1911	13291.9488
1912	14577.9264
1913	8335.94976
1914	7381.95552
1915	8494.94304
1916	6112.96416
1917	7471.94976
1918	5239.96992
1919	13799.8944
1920	6318.95904
1921	14954.8896
1922	9770.976
1923	9246.96
1924	3285.98208
1925	2404.9872
1926	4453.97184
1927	13076.8992
1928	7296.9552
1929	12760.9344
1930	6999.9552
1931	10484.8992
1932	16980.8832
1933	8959.9392
1934	9309.9456
1935	6689.96064
1936	7301.95776
1937	13706.928
1938	12022.9056
1939	8873.9712
1940	5726.96352
1941	9952.9344
1942	9342.9504
1943	7394.95008
1944	11131.9488
1945	18048.8736
1946	17712.864
1947	20677.8528
1948	13239.936
1949	13724.8992
1950	15714.864
1951	18055.872
1952	19104.8544
1953	20809.872
1954	21466.8576
1955	16197.9264
1956	12693.888
1957	13438.9152
1958	16272.9216
1959	13069.9008
1960	13472.9568
1961	10159.9488
1962	18327.8592
1963	12293.9424
1964	10064.9088
1965	17769.888
1966	17687.8944
1967	4799.96928
1968	17696.88
1969	13011.9264
1970	15955.92
1971	14924.9088
1972	5749.9632
1973	7091.95392
1974	3692.97792
1975	14844.9024
1976	15444.864
1977	10532.9376
1978	15914.88
1979	13198.896
1980	13201.92
1981	11729.9232
1982	12753.936
1983	22162.896
1984	24228.8064
1985	18810.9216
1986	25386.8256
1987	15938.8992
1988	12598.9344
1989	6808.95936
1990	9953.9712
1991	15830.8992
1992	5777.96544
1993	21306.8448
1994	8834.9184
1995	15469.92
1996	10999.9296
1997	14841.8784
1998	21861.8784
1999	19736.8704
2000	18265.9104
2001	15972.9408
2002	21382.8768
2003	16950.9024
2004	14972.9472
2005	25157.8656
2006	25636.8672
2007	21337.8624
2008	26521.8624
2009	20110.896
2010	19497.888
2011	18007.92
2012	19578.8448
2013	18585.8496
2014	18236.88
2015	19111.8528
2016	17264.88
2017	9709.9776
2018	16898.8896
2019	18839.8656
2020	16927.92
2021	8658.9216
2022	12242.88
2023	8978.9472
2024	15060.9024
2025	15057.8784
2026	13459.9104
2027	14154.912
2028	12406.9536
2029	10046.9376
2030	16448.9184
2031	13604.8896
2032	12277.9584
2033	15209.9424
2034	13361.9328
2035	10005.8976
2036	13729.9104
2037	8900.928
2038	17584.9056
2039	14731.8912
2040	13910.9184
2041	13038.8832
2042	15388.8768
2043	10755.936
2044	15748.9056
2045	13345.9488
2046	14151.888
2047	12592.8864
2048	9831.9744
2049	15313.8816
2050	10361.952
2051	10284.9696
2052	18938.88
2053	16141.9392
2054	10939.968
2055	17532.8928
2056	16486.9344
2057	13571.8848
2058	11639.8944
2059	14947.8912
2060	11224.9152
2061	6951.95136
2062	14123.8944
2063	16018.9056
2064	12042.9504
2065	13373.9424
2066	14343.8688
2067	12182.9184
2068	13208.9184
2069	11601.9648
2070	14736.9024
2071	16786.9152
2072	8939.9808
2073	9233.9136
2074	12472.9632
2075	12033.9648
2076	9905.9328
2077	10381.9104
2078	7867.94688
2079	7829.94816
2080	6597.95328
2081	11776.9248
2082	5897.9664
2083	9443.952
2084	6610.95648
2085	6099.96096
2086	7129.95264
2087	7877.952
2088	9607.9392
2089	9808.9056
2090	3460.97664
2091	9263.9808
2092	9610.9632
2093	8676.9792
2094	6997.95936
2095	7281.95616
2096	6875.95392
2097	3900.97728
2098	6413.95584
2099	5624.96832
2100	7479.9504
2101	5563.96128
2102	5648.9616
2103	9606.9024
2104	9006.9408
2105	6604.96032
2106	5504.96736
2107	7145.95392
2108	5066.9712
2109	7416.95616
2110	7231.95648
2111	4123.97568
2112	3488.97888
2113	1786.98528
2114	6363.95616
2115	8679.9168
2116	8487.94464
2117	9355.9104
2118	9174.9024
2119	7219.95552
2120	5720.96736
2121	7263.9504
2122	6905.952
2123	4983.96672
2124	4386.96864
2125	2938.9824
2126	2023.98912
2127	1740.98592
2128	2225.98368
2129	3547.98144
2130	1190.98944
2131	874.99008
2132	468.997344
2133	1042.99488
2134	2214.98496
2135	3348.97632
2136	3231.98208
2137	2411.9856
2138	890.99136
2139	3846.97728
2140	1872.98784
2141	2339.98848
2142	4873.97088
2143	4764.96864
2144	591.996384
2145	3411.9792
2146	4188.9744
2147	2605.97952
2148	3914.97408
2149	3241.97856
2150	4479.9696
2151	4161.9744
2152	2720.98656
2153	2823.984
2154	1417.98816
2155	1371.9888
2156	3031.98336
2157	2273.98752
2158	2176.98624
2159	1539.9936
2160	1688.9904
2161	2859.97824
2162	2405.9808
2163	1225.99008
2164	1462.99392
2165	2408.98752
2166	2820.98592
2167	1698.98688
2168	2463.98112
2169	1441.99008
2170	2189.98944
2171	2669.98464
2172	2881.98432
2173	669.995712
2174	881.99712
2175	2165.98752
2176	2301.98112
2177	2578.97952
2178	1243.99584
2179	825.994368
2180	978.98976
2181	615.995712
2182	2310.984
2183	1676.98944
2184	1606.98816
2185	1820.99232
2186	1342.99296
2187	1660.98816
2188	2072.98656
2189	2574.98784
2190	2050.98912
2191	972.9936
2192	2370.9888
2193	1823.9904
2194	2107.9872
2195	4218.97248
2196	1781.99136
2197	1424.9952
2198	3441.97728
2199	1455.98688
2200	1471.98816
2201	1490.98752
2202	1721.98656
2203	3293.98272
2204	3589.98048
2205	1570.99392
2206	2873.98368
2207	2717.97984
2208	2839.98528
2209	1666.99296
2210	1692.99072
2211	2446.98624
2212	3461.97888
2213	4081.97664
2214	1833.98688
2215	4755.96576
2216	5829.96096
2217	6260.95872
2218	4505.96736
2219	1972.9872
2220	4619.97216
2221	2043.99072
2222	2081.98944
2223	2119.98816
2224	2158.98912
2225	2198.98368
2226	2240.98272
2227	2281.98816
2228	4517.96832
2229	2399.98464
2230	3324.98304
2231	6046.9632
2232	2503.98432
2233	7309.94976
2234	3030.98112
2235	4628.9664
2236	8076.94848
2237	2743.98624
2238	5143.97088
2239	4089.97728
2240	2933.97984
2241	3759.97248
2242	4825.96704
2243	4869.97056
2244	6855.95232
2245	6705.95328
2246	5801.96736
2247	8512.9488
2248	4085.97696
2249	10640.9376
2250	11174.8896
2251	7459.9488
2252	5830.9632
2253	10681.8912
2254	7865.95104
2255	3747.98016
2256	7628.9472
2257	11623.9104
2258	8743.9392
2259	8716.9824
2260	4054.97664
2261	4207.97376
2262	6347.96352
2263	5254.96896
2264	4548.96864
2265	4369.97376
2266	4906.96704
2267	5961.96288
2268	11470.896
2269	4626.97056
2270	13093.92
2271	11859.9552
2272	9634.896
2273	5591.96352
2274	12105.936
2275	10174.896
2276	9003.9168
2277	9953.9712
2278	11865.9168
2279	11311.92
2280	10092.9024
2281	5735.9664
2282	12899.952
2283	15979.9392
2284	10672.9056
2285	9587.9808
2286	12301.8912
2287	14206.9248
2288	9232.9632
2289	5920.96608
2290	5984.96256
2291	13524.8832
2292	9236.9376
2293	11791.9584
2294	8388.94752
2295	6643.96128
2296	9335.952
2297	11472.8832
2298	8487.94464
2299	7548.94944
2300	8955.9648
2301	12638.9376
2302	15711.9264
2303	11538.8928
2304	13313.8944
2305	7806.94848
2306	12891.9168
2307	18394.9056
2308	20135.8656
2309	14909.8752
2310	11045.8944
2311	20228.832
2312	14848.8768
2313	21525.8688
2314	14140.9152
2315	13132.8864
2316	12259.9008
2317	12023.9424
2318	14272.9344
2319	14200.8768
2320	15482.88
2321	8055.94464
2322	14252.8896
2323	10595.9232
2324	13949.8848
2325	20160.8352
2326	13878.9504
2327	22012.8192
2328	24991.8048
2329	8077.95072
2330	16286.9184
2331	21715.8624
2332	8852.976
2333	14183.9424
2334	18240.8544
2335	16976.9088
2336	19718.8992
2337	11332.9152
2338	18336.8448
2339	20518.8768
2340	23809.8528
2341	22113.8208
2342	11552.8896
2343	8534.94624
2344	9093.9456
2345	10375.9488
2346	13579.92
2347	18134.8416
2348	17051.904
2349	18308.8512
2350	19141.92
2351	18747.8496
2352	8912.9376
2353	18678.9024
2354	20082.9024
2355	20468.8512
2356	16621.8912
2357	26463.8016
2358	28596.8448
2359	26082.864
2360	17139.8592
2361	24295.8528
2362	25501.824
2363	16980.8832
2364	19975.8528
2365	9202.9824
2366	11049.9552
2367	13744.944
2368	15207.8688
2369	22500.8928
2370	22915.872
2371	23897.808
2372	15986.9376
2373	18093.888
2374	22946.8896
2375	24424.848
2376	24471.8496
2377	12564.8928
2378	10538.8992
2379	17622.9216
2380	20093.8752
2381	16449.8688
2382	19884.8736
2383	14113.872
2384	13206.9312
2385	8591.94432
2386	13799.8944
2387	14452.9056
2388	20062.8576
2389	21033.9072
2390	24180.8544
2391	12816.9216
2392	13599.8784
2393	17317.9296
2394	14096.9376
2395	18398.88
2396	14569.8912
2397	22227.8688
2398	13932.9504
2399	17217.8784
2400	15123.888
2401	8238.94848
2402	16798.9248
2403	8351.9424
2404	12301.8912
2405	16925.9328
2406	20193.84
2407	9998.8992
2408	14813.8848
2409	19191.8592
2410	15730.9344
2411	13062.9024
2412	14814.9216
2413	15061.9392
2414	9591.9552
2415	9851.9328
2416	7456.95072
2417	8473.94784
2418	10622.9664
2419	18786.9024
2420	18227.8944
2421	13872.9024
2422	7001.95104
2423	14860.8864
2424	19935.8496
2425	6950.95776
2426	9445.9392
2427	14070.9312
2428	17146.8576
2429	6592.95936
2430	6593.9616
2431	13117.9392
2432	14249.952
2433	13027.9104
2434	7993.95264
2435	15664.9248
2436	7352.95104
2437	10715.9328
2438	13786.9344
2439	17014.9248
2440	11841.8976
2441	10047.9744
2442	17345.9232
2443	9084.96
2444	17298.9216
2445	11550.9024
2446	8390.94336
2447	13191.8976
2448	8659.9584
2449	10235.8944
2450	5320.96992
2451	11819.952
2452	10316.9376
2453	14136.9408
2454	15875.9136
2455	15024.8736
2456	11731.9104
2457	9800.9568
2458	7889.95296
2459	5366.96928
2460	12006.9216
2461	11001.9168
2462	9023.9616
2463	8199.94752
2464	9871.9776
2465	4258.97568
2466	4378.968
2467	8339.95008
2468	12374.8992
2469	9433.9296
2470	5634.9648
2471	6052.95936
2472	7390.94976
2473	6273.96192
2474	6257.96064
2475	3822.97536
2476	10678.9536
2477	4141.9728
2478	3512.9808
2479	3414.97728
2480	8869.9104
2481	10562.9184
2482	8791.9776
2483	3622.97664
2484	7619.95296
2485	6859.95264
2486	3064.97952
2487	5378.9616
2488	8656.9344
2489	2870.9856
2490	3006.9792
2491	8388.94752
2492	2719.98432
2493	2740.97952
2494	7537.95072
2495	3803.976
2496	4016.97792
2497	2892.98304
2498	6600.96
2499	3148.9776
2500	4645.96992
2501	2306.98368
2502	7052.95296
2503	2253.98592
2504	6354.96192
2505	2143.99008
2506	3988.97568
2507	2512.9872
2508	4956.96672
2509	1994.98464
2510	1959.984
2511	5828.95872
2512	1891.9872
2513	4089.97728
2514	2195.9856
2515	3449.97792
2516	4868.96832
2517	4284.97344
2518	3579.97536
2519	2115.98784
2520	1658.99232
2521	1850.9904
2522	4630.97088
2523	3136.97664
2524	3103.98048
2525	2075.98464
2526	1522.99008
2527	1503.99072
2528	1682.9856
2529	1492.992
2530	1450.99296
2531	1435.99392
2532	4592.97216
2533	1406.98944
2534	1394.98848
2535	3720.98016
2536	3436.97472
2537	1539.9936
2538	2501.97984
2539	3120.984
2540	4076.97408
2541	1710.98784
2542	3852.97344
2543	1390.98816
2544	1319.99328
2545	3714.97536
2546	4122.97344
2547	1951.98336
2548	3202.9776
2549	1807.98912
2550	1320.99552
2551	1344.9888
2552	2400.98688
2553	1498.98816
2554	1339.99488
2555	1391.9904
2556	1729.9872
2557	1470.99456
2558	1374.99552
2559	1551.98592
2560	3726.97632
2561	1410.98976
2562	2632.97952
2563	4480.97184
2564	3700.97856
2565	3357.9792
2566	1490.98752
2567	1559.98656
2568	3973.97664
2569	3352.97664
2570	2038.98816
2571	1592.99136
2572	1616.99328
2573	1640.98656
2574	1666.99296
2575	1692.99072
2576	1719.99072
2577	1748.98656
2578	1777.99104
2579	2792.98368
2580	2022.98688
2581	1870.992
2582	1903.98816
2583	1937.98656
2584	1972.9872
2585	3766.97952
2586	5761.96416
2587	6980.95584
2588	7073.9568
2589	3998.97216
2590	2198.98368
2591	2240.98272
2592	2708.9856
2593	2324.9808
2594	3431.9808
2595	4491.97056
2596	3127.9824
2597	2503.98432
2598	6176.96064
2599	2597.98752
2600	2821.97952
2601	2830.9824
2602	3534.97824
2603	7160.95296
2604	3479.976
2605	5852.96064
2606	8418.9456
2607	8204.95008
2608	9435.9168
2609	5890.95936
2610	3327.98112
2611	3344.976
2612	5885.96544
2613	6168.96
2614	3392.97984
2615	4859.96544
2616	6549.95808
2617	3567.9744
2618	8665.92
2619	6331.96224
2620	4921.96608
2621	4032.97056
2622	3869.97696
2623	3930.97536
2624	4125.97152
2625	8292.94848
2626	9976.9536
2627	12141.9648
2628	11548.9152
2629	5002.96608
2630	9832.9248
2631	6112.96416
2632	8818.9344
2633	6395.95872
2634	12103.9488
2635	10942.9056
2636	13684.896
2637	11830.9248
2638	8946.9792
2639	4950.97056
2640	5015.96928
2641	9058.9536
2642	5928.95808
2643	7358.95584
2644	8886.9312
2645	15558.912
2646	6470.96256
2647	6276.96
2648	5535.96768
2649	8063.94528
2650	5719.96512
2651	5729.9616
2652	11900.9088
2653	8483.94432
2654	6208.9632
2655	8129.94624
2656	10065.9456
2657	14365.9008
2658	14426.8992
2659	19603.9008
2660	6412.96224
2661	16944.8544
2662	8685.9648
2663	15458.8608
2664	19989.8496
2665	12278.9088
2666	15810.9408
2667	15100.9056
2668	11203.92
2669	10908.9504
2670	21230.8992
2671	17283.888
2672	16128.8928
2673	20814.8832
2674	15326.928
2675	22509.8784
2676	14743.9008
2677	8028.95328
