1	8.95
2	9.2
3	7
4	7
5	6.35
6	6.2
7	4.05
8	4.5
9	7.75
10	6.25
11	4.25
12	4.7
13	6.15
14	5.7
15	4.2
16	1.45
17	2.15
18	3.8
19	6.95
20	5.1
21	2.8
22	2.3
23	4.25
24	6.3
25	5.75
26	5.6
27	3.4
28	4.95
29	5.1
30	4.2
31	4.95
32	5.85
33	5.9
34	5.05
35	4.25
36	5
37	3.3
38	2.85
39	4.7
40	4.6
41	4.1
42	3.3
43	2.95
44	4.1
45	8.35
46	6.85
47	4.45
48	4.3
49	5.85
50	7.95
51	7.45
52	7.15
53	4.75
54	3.9
55	2.45
56	2.05
57	1.15
58	3.55
59	6
60	1.95
61	1.35
62	1.55
63	4.05
64	1.1
65	1.95
66	5.05
67	5.95
68	6.9
69	7.8
70	6.3
71	7.05
72	7.85
73	6.4
74	6.35
75	7.2
76	7.2
77	5.25
78	6.55
79	8.15
80	9.45
81	9.4
82	7.5
83	8.15
84	8
85	8.85
86	7.5
87	8.4
88	7
89	6.5
90	5.35
91	6.8
92	5.25
93	8.55
94	8.05
95	7.4
96	5.95
97	7.05
98	7.9
99	7.6
100	3.5
101	4.7
102	8.75
103	8.7
104	5.45
105	5.55
106	9.25
107	11.9
108	13
109	13.4
110	12.3
111	11.4
112	11.35
113	8.65
114	6.95
115	5.45
116	5.95
117	7.85
118	8.1
119	7.25
120	8.05
121	10.4
122	11.5
123	11.35
124	11.3
125	12.2
126	10.6
127	11.6
128	13.25
129	14.6
130	11.4
131	12
132	10.65
133	12.3
134	15.4
135	15.85
136	15.55
137	14.75
138	12.55
139	9.1
140	8.95
141	8.05
142	10.35
143	11.5
144	12
145	11.95
146	12.05
147	12.7
148	11.1
149	11.9
150	12.2
151	11.7
152	13.05
153	11.8
154	13.75
155	11.45
156	12.35
157	10.7
158	11.25
159	12.8
160	12.45
161	11.5
162	12.9
163	12.5
164	14.45
165	14.9
166	15.05
167	15.75
168	14.4
169	13.25
170	14.9
171	16.1
172	16.95
173	17.05
174	14.9
175	15.45
176	16.65
177	17.2
178	15.35
179	13.5
180	14.8
181	16.35
182	17.45
183	15.55
184	13.55
185	13.85
186	14.2
187	15.3
188	14
189	14.7
190	14
191	13.8
192	15.7
193	14.65
194	14.75
195	14.7
196	13.15
197	14.75
198	12.65
199	15.6
200	16
201	15
202	17.65
203	16.6
204	17.45
205	17.4
206	14.35
207	15.9
208	14.65
209	14.35
210	13.95
211	13.15
212	13.7
213	14.5
214	14.55
215	13.7
216	13
217	15.3
218	17.75
219	17.65
220	19.7
221	19.1
222	17.2
223	14.95
224	14.15
225	16.1
226	14.1
227	17
228	15.45
229	14.85
230	16.8
231	17.3
232	16.85
233	15.25
234	13.95
235	12.75
236	13.85
237	15.85
238	12.65
239	13.6
240	16.95
241	15.1
242	13
243	13.6
244	15
245	15
246	13.55
247	13.15
248	13.4
249	15.9
250	15.65
251	18.3
252	18.85
253	16.5
254	14.9
255	15.05
256	12.6
257	11.75
258	11.15
259	11.3
260	12.8
261	12.95
262	14.05
263	12.15
264	11.15
265	11.85
266	13.85
267	11.95
268	11.85
269	14.75
270	15.55
271	15.6
272	12.65
273	10.25
274	8.1
275	8.55
276	10.7
277	10.95
278	10.8
279	11.7
280	11.75
281	10.05
282	10.1
283	10.75
284	8.5
285	8.15
286	10.05
287	8.85
288	10.35
289	10.7
290	13.1
291	12.3
292	14
293	14.7
294	13.35
295	10.35
296	11.95
297	12.2
298	11.8
299	12.8
300	14.45
301	13.55
302	10.65
303	5.05
304	3.85
305	4.3
306	4.35
307	4.65
308	3.75
309	2.8
310	2.2
311	5.9
312	6.3
313	8.05
314	10.05
315	13.05
316	8.35
317	7.95
318	6.6
319	6.15
320	4.2
321	5.7
322	9.2
323	8.85
324	2.85
325	1.95
326	0.85
327	-0.1
328	2.35
329	1.85
330	1.55
331	1.75
332	2.15
333	4.5
334	7.7
335	8.95
336	5.75
337	2.9
338	4.65
339	5.05
340	5.95
341	5.05
342	4.35
343	6.1
344	9.65
345	9.85
346	9.45
347	8.25
348	7
349	7.45
350	6.75
351	6.25
352	3.95
353	6.95
354	7.65
355	6.4
356	7.7
357	9.65
358	10.45
359	9.7
360	9.5
361	11.15
362	8.25
363	8.95
364	6.55
365	6.8
366	7.5
367	6.1
368	5.7
369	6.55
370	6.8
371	5.75
372	6.05
373	9
374	8.75
375	9.35
376	4.65
377	3.6
378	4.7
379	5.75
380	6.75
381	7.75
382	8.55
383	6.85
384	2.05
385	0.85
386	3.15
387	5.5
388	4.4
389	5.55
390	6.65
391	4
392	6.2
393	8.5
394	7.45
395	1.9
396	3.85
397	4.8
398	4.25
399	2.9
400	5.15
401	7.65
402	8.6
403	10.3
404	10.2
405	6.9
406	7.05
407	6.45
408	3.05
409	4.75
410	5.8
411	6.1
412	7.7
413	4
414	5.15
415	7.5
416	10.1
417	6.4
418	3.95
419	5.3
420	3.3
421	3.25
422	2.25
423	3.2
424	4.6
425	4.35
426	5.85
427	6.45
428	7.35
429	8
430	10.35
431	11.15
432	6.8
433	3.7
434	7.2
435	9.9
436	7.55
437	5.15
438	7.55
439	6.9
440	8.1
441	4.2
442	3.5
443	2.95
444	8.05
445	6.05
446	5.95
447	8.5
448	5.05
449	8.55
450	6.4
451	10.7
452	12.25
453	10.3
454	7.25
455	10.5
456	10.7
457	10.15
458	7.3
459	4.85
460	2.95
461	2.35
462	4
463	6.1
464	5.65
465	6.75
466	9.7
467	8.8
468	7.5
469	7.7
470	7.15
471	6.65
472	8.8
473	7.3
474	6.4
475	6.15
476	7.55
477	5.5
478	7.25
479	6.9
480	3.35
481	3.65
482	4.35
483	5.2
484	6.25
485	8.1
486	9.05
487	12.45
488	12.75
489	14.4
490	14.85
491	14.5
492	10.6
493	11.65
494	13.05
495	11.8
496	9.95
497	10.95
498	8.35
499	9.45
500	11.1
501	13.25
502	13.3
503	13.6
504	16.1
505	17.9
506	17.15
507	18.6
508	18.65
509	18.9
510	19.5
511	14.1
512	13.8
513	11.35
514	12.8
515	13.6
516	10.35
517	8.2
518	9.45
519	8.55
520	9.3
521	9.7
522	9.45
523	10.55
524	11.4
525	10
526	12.2
527	14.8
528	14.9
529	20.15
530	20.35
531	18.45
532	17.75
533	18.1
534	18.9
535	18.5
536	19
537	20.3
538	16.4
539	15.95
540	16.1
541	15.8
542	17.45
543	16.4
544	14.75
545	12.25
546	14.35
547	12.6
548	16.1
549	15.25
550	16.3
551	16.8
552	19
553	21.35
554	18.45
555	18.35
556	16.05
557	17.9
558	18.75
559	16.75
560	17
561	15.55
562	17.8
563	18.3
564	19.35
565	17.8
566	18.75
567	20.35
568	22.6
569	24.15
570	22.85
571	21.95
572	21.95
573	20.1
574	16.95
575	18.55
576	18.05
577	17.15
578	13.2
579	14.75
580	15.75
581	18.2
582	16.55
583	17.45
584	19.45
585	19.05
586	18.7
587	19.25
588	17.2
589	17.75
590	18.3
591	16.7
592	17.1
593	18.4
594	17.55
595	15.2
596	15.1
597	17.25
598	19.2
599	17.45
600	16.95
601	15.1
602	16.85
603	17.2
604	17.15
605	14.5
606	12.7
607	14.8
608	19.9
609	13.65
610	13.4
611	13.6
612	12.3
613	13.7
614	16.15
615	17.3
616	17.1
617	16.65
618	14.35
619	15.25
620	16.85
621	16.9
622	15.6
623	11.2
624	15.5
625	16.75
626	16.75
627	17.35
628	15.8
629	16.55
630	17.85
631	16.75
632	13.75
633	14.65
634	14.45
635	15.1
636	14.2
637	12.3
638	12.55
639	12.25
640	11.7
641	11.7
642	9.1
643	12.85
644	12
645	10.3
646	11.8
647	10.7
648	11.75
649	11.75
650	12.7
651	14.05
652	12.6
653	10.65
654	9.35
655	12.35
656	13.55
657	11
658	12.65
659	12.8
660	13.2
661	13.5
662	12.6
663	9.7
664	12.75
665	11.45
666	12.9
667	12.4
668	12.3
669	12.05
670	12.15
671	9.35
672	9.95
673	8.2
674	7.8
675	5.45
676	5
677	7.05
678	8.75
679	6.2
680	9.1
681	11.7
682	10.7
683	7.2
684	5.85
685	6.85
686	7.6
687	6.3
688	7.25
689	7.7
690	8.65
691	8.35
692	6.15
693	3
694	1.85
695	2.35
696	0.5
697	2.1
698	2.95
699	3.5
700	0.9
701	-0.55
702	1.2
703	2.15
704	3.1
705	4.05
706	5.4
707	5.2
708	4.45
709	2.3
710	1.5
711	2.15
712	3.7
713	5.2
714	6.65
715	6.95
716	8.65
717	10.05
718	5.5
719	5.2
720	6.85
721	10.55
722	7.1
723	6.85
724	8.15
725	8.5
726	4.6
727	4.05
728	4.7
729	3.3
730	3.35
731	3.65
732	3.55
733	4.1
734	3.6
735	5.4
736	6.55
737	8.8
738	5
739	5.95
740	5.75
741	8.4
742	10.2
743	7.4
744	2.85
745	4.65
746	8.6
747	10.55
748	7
749	4.65
750	6.3
751	7.15
752	7.95
753	9.65
754	8.65
755	6.45
756	7
757	4.25
758	4.25
759	4.35
760	5.4
761	7.75
762	7.2
763	5.8
764	5.85
765	6.05
766	6.35
767	10.15
768	9.4
769	10.55
770	7.5
771	6.75
772	8.25
773	4.55
774	4.5
775	6
776	4.8
777	4.75
778	4
779	6.8
780	7.7
781	9.15
782	11.6
783	8.55
784	9.85
785	11.55
786	11.25
787	7.85
788	7.55
789	5.1
790	7.4
791	4.05
792	3.25
793	4.9
794	7.6
795	8.65
796	9.1
797	9.6
798	9
799	8.25
800	10.35
801	11.05
802	8.25
803	7.85
804	7.75
805	9.25
806	9.4
807	12.85
808	13.3
809	10.9
810	8.05
811	10.1
812	9.1
813	7.8
814	8.95
815	6
816	4.55
817	4
818	6.25
819	6.1
820	9.45
821	10.35
822	10.75
823	11.25
824	4.3
825	2.35
826	2.85
827	4.55
828	5.8
829	4.75
830	4.2
831	8.4
832	10.15
833	11.3
834	7.8
835	4.55
836	6.8
837	6.6
838	5.5
839	6.05
840	6.8
841	7.05
842	10.85
843	11.4
844	11.35
845	10.35
846	10.9
847	10
848	7.1
849	9.1
850	12.9
851	15.3
852	16.45
853	15.8
854	17.7
855	17.75
856	16.3
857	14.75
858	10.4
859	11.2
860	10.85
861	9.8
862	9.3
863	10.2
864	10.55
865	11.6
866	14.6
867	14.4
868	12.95
869	11.65
870	10.7
871	11.4
872	12.95
873	11.5
874	12.65
875	11.75
876	10.45
877	10.8
878	11.95
879	12.95
880	15.05
881	15
882	15.3
883	15.9
884	12.4
885	13.25
886	11.85
887	11.35
888	11.85
889	11.55
890	10.6
891	12.25
892	14.75
893	11.4
894	11.05
895	11.55
896	13.3
897	13.4
898	15.3
899	15.65
900	14.75
901	15.35
902	13.45
903	12.8
904	14.4
905	14.1
906	13.05
907	17.4
908	18.3
909	18.3
910	13.6
911	14.35
912	16.7
913	13.6
914	12.65
915	12.3
916	13.45
917	13.5
918	13.75
919	16.15
920	19.05
921	14.65
922	14.85
923	16.95
924	19.65
925	19.8
926	18.15
927	19.6
928	19
929	18.05
930	18.45
931	20.35
932	21.35
933	20.65
934	18.6
935	17.7
936	16.7
937	17.75
938	17.1
939	18.55
940	17.65
941	17.4
942	19.35
943	19.15
944	21.65
945	23.9
946	25.55
947	24.1
948	17.85
949	15.65
950	14.25
951	17
952	18.9
953	19.3
954	19.25
955	20.3
956	18.3
957	17.6
958	17.45
959	15.65
960	14.4
961	15.65
962	17.3
963	15.55
964	17.3
965	19.35
966	21.15
967	21.95
968	20.65
969	19.5
970	18.85
971	20.25
972	20.35
973	14.7
974	14.95
975	17.25
976	18.15
977	16.6
978	13.15
979	12.75
980	14.4
981	14.75
982	13.85
983	13.95
984	14.15
985	13.95
986	14.4
987	14.6
988	15
989	14.65
990	12.8
991	12.9
992	13.65
993	13.95
994	11
995	11.3
996	11.55
997	10.7
998	10.45
999	11.35
1000	9.65
1001	10.35
1002	13.25
1003	12.65
1004	15.05
1005	10.4
1006	13.5
1007	13.5
1008	10.1
1009	13.85
1010	15.1
1011	9.5
1012	8
1013	10.8
1014	13.6
1015	15
1016	15
1017	17.2
1018	16
1019	15.8
1020	13.5
1021	13.55
1022	14.3
1023	13.65
1024	13.4
1025	13.1
1026	9.9
1027	10.55
1028	11.3
1029	10.8
1030	10.45
1031	9
1032	9.5
1033	6.35
1034	8.05
1035	9.4
1036	9
1037	6.05
1038	4.85
1039	5.9
1040	5.65
1041	4.85
1042	6.25
1043	5.45
1044	7.25
1045	9.1
1046	9.55
1047	11.85
1048	12.9
1049	11.5
1050	10.5
1051	11.6
1052	12.9
1053	8.7
1054	6.55
1055	4.65
1056	3.3
1057	2.35
1058	2.7
1059	3.45
1060	4.4
1061	4.85
1062	5.75
1063	3.95
1064	3.65
1065	3.7
1066	4.65
1067	4.75
1068	5.9
1069	4.8
1070	3.3
1071	0.85
1072	2.3
1073	0.65
1074	1.65
1075	3
1076	5.6
1077	4.05
1078	2.7
1079	0.9
1080	0.05
1081	0.4
1082	1.5
1083	0.95
1084	2.15
1085	4.25
1086	7.35
1087	9.05
1088	8.5
1089	7.4
1090	5.5
1091	7.4
1092	4.45
1093	6.05
1094	5.7
1095	4.7
1096	4.95
1097	6.2
1098	6.5
1099	6.15
1100	5.2
1101	4.7
1102	5.15
1103	4.5
1104	5.65
1105	6.15
1106	6.05
1107	5
1108	2.25
1109	0.3
1110	0.15
1111	0.75
1112	1.85
1113	3.95
1114	4.2
1115	4.2
1116	5.65
1117	6.35
1118	1
1119	2.7
1120	1.4
1121	1.25
1122	0.8
1123	1.15
1124	2.2
1125	0.6
1126	0.45
1127	0.2
1128	1.3
1129	0.45
1130	-1.2
1131	-0.85
1132	-0.15
1133	-1.75
1134	-5.25
1135	-4.25
1136	-4.8
1137	-3.8
1138	-1.55
1139	-1.6
1140	-0.9
1141	0.95
1142	1
1143	2.5
1144	1.7
1145	1.95
1146	0.8
1147	2.45
1148	5.35
1149	6
1150	8.1
1151	10.25
1152	5.35
1153	6.75
1154	4.6
1155	4.8
1156	3.75
1157	2.55
1158	6
1159	5.2
1160	8.35
1161	9.5
1162	10.15
1163	9.45
1164	8.85
1165	8.65
1166	10
1167	10
1168	12.55
1169	10.1
1170	8.3
1171	9.75
1172	9.4
1173	7.95
1174	10.75
1175	10.45
1176	8.9
1177	5.65
1178	5.05
1179	4.75
1180	5.8
1181	5.25
1182	7.1
1183	7.3
1184	6.8
1185	5.5
1186	8.95
1187	9.15
1188	9.9
1189	7.2
1190	7.4
1191	7.1
1192	5.35
1193	8.55
1194	9.55
1195	9.05
1196	10.9
1197	12.1
1198	13.1
1199	11.95
1200	7.4
1201	9.5
1202	7.05
1203	4.1
1204	5.25
1205	5.15
1206	3.2
1207	4.4
1208	6.9
1209	5.55
1210	8.65
1211	8.05
1212	8.3
1213	8.8
1214	7
1215	7.25
1216	7.25
1217	7.45
1218	6.35
1219	6.35
1220	7.75
1221	6.85
1222	6.45
1223	7.65
1224	9.1
1225	8.45
1226	8.9
1227	10.35
1228	11.75
1229	14.05
1230	10.8
1231	9.85
1232	9.95
1233	10.4
1234	10.4
1235	13.6
1236	15.2
1237	17.3
1238	14.45
1239	13.2
1240	14.55
1241	13.85
1242	13.55
1243	14.55
1244	10.75
1245	11.6
1246	11.3
1247	10.6
1248	10.4
1249	8.45
1250	9.3
1251	7.5
1252	8.55
1253	12.55
1254	12.8
1255	11.2
1256	13.75
1257	13.85
1258	10.5
1259	14.3
1260	12.85
1261	12.35
1262	11.4
1263	11.4
1264	11.3
1265	10.3
1266	12.2
1267	12.45
1268	14.9
1269	14.6
1270	12.6
1271	12.65
1272	15.7
1273	13.95
1274	13.05
1275	14.2
1276	13.2
1277	16.7
1278	16.6
1279	15.35
1280	17.4
1281	19.95
1282	20.5
1283	19.8
1284	18.15
1285	16.65
1286	17
1287	17.2
1288	20.4
1289	15.35
1290	16.5
1291	17.1
1292	16.6
1293	15.95
1294	14.5
1295	17.1
1296	16.4
1297	16.95
1298	16.25
1299	16.5
1300	18.95
1301	14.6
1302	16.8
1303	17.75
1304	16.8
1305	17.8
1306	20.6
1307	18.35
1308	17.45
1309	16.95
1310	17.4
1311	18.15
1312	17.65
1313	17.75
1314	18.75
1315	16.15
1316	17.1
1317	16.5
1318	20.75
1319	18.6
1320	16.15
1321	16.7
1322	18.45
1323	17.85
1324	17.35
1325	17.45
1326	14
1327	14.95
1328	17.9
1329	19.2
1330	19.4
1331	14.75
1332	16.3
1333	17.7
1334	17.55
1335	18.1
1336	18
1337	17.3
1338	17.45
1339	19
1340	18.55
1341	19.05
1342	18.4
1343	19.05
1344	18.6
1345	16.3
1346	13.35
1347	14.85
1348	15.4
1349	16.7
1350	14.6
1351	15.5
1352	15.7
1353	18.35
1354	16.5
1355	17
1356	15.55
1357	15.45
1358	11.55
1359	11.35
1360	14.95
1361	13.8
1362	14.7
1363	14.7
1364	12.95
1365	10.45
1366	10.7
1367	10.1
1368	12.2
1369	9.55
1370	12.35
1371	12.4
1372	13.95
1373	10.25
1374	10.25
1375	8.5
1376	10.65
1377	11.85
1378	12.45
1379	14.7
1380	16.1
1381	14.45
1382	12.25
1383	11.2
1384	11.75
1385	11.85
1386	8.2
1387	7.8
1388	5.5
1389	5.5
1390	6.45
1391	6.7
1392	5.85
1393	7.9
1394	8.9
1395	9.55
1396	8.05
1397	9.7
1398	11.1
1399	10.4
1400	9.9
1401	12.35
1402	11.45
1403	8
1404	4.95
1405	4.45
1406	6.05
1407	8.3
1408	10.1
1409	5.45
1410	4.85
1411	5.45
1412	5
1413	4.8
1414	4.1
1415	4.35
1416	4.4
1417	3.5
1418	5.5
1419	6.3
1420	3.95
1421	2.5
1422	4.5
1423	8.15
1424	7.45
1425	7.05
1426	8.5
1427	8.35
1428	9.3
1429	9.4
1430	6.95
1431	7.65
1432	6.75
1433	6.5
1434	5.6
1435	5.75
1436	3
1437	0.15
1438	0.4
1439	0.25
1440	-0.3
1441	-3.1
1442	-2.8
1443	-0.35
1444	-0.7
1445	1.35
1446	5.1
1447	7.2
1448	8.4
1449	8.85
1450	6.25
1451	7.8
1452	11.9
1453	11.85
1454	4.65
1455	3.95
1456	5.4
1457	5.95
1458	4.85
1459	5.35
1460	6.2
1461	6.5
1462	7.8
1463	9.1
1464	9.95
1465	7.3
1466	9.25
1467	10.3
1468	7.85
1469	9
1470	6.45
1471	3.2
1472	1.3
1473	1.35
1474	4.1
1475	3.3
1476	3.8
1477	4.1
1478	2.25
1479	4.45
1480	4.7
1481	5.9
1482	0.05
1483	-2.65
1484	-3.6
1485	-1.8
1486	0.5
1487	2.75
1488	1.65
1489	0.3
1490	2.4
1491	0.9
1492	0.85
1493	-0.65
1494	1.65
1495	5.85
1496	7.9
1497	8.5
1498	7.65
1499	5.55
1500	4.4
1501	6.8
1502	5
1503	7.4
1504	9.65
1505	5.8
1506	6.15
1507	7.85
1508	4.2
1509	2.5
1510	2.05
1511	2.25
1512	1.5
1513	4.3
1514	4.6
1515	8.95
1516	7.75
1517	2.75
1518	6.45
1519	10.25
1520	6.05
1521	6.6
1522	6.6
1523	5.65
1524	8.95
1525	8.5
1526	6.6
1527	8.2
1528	9.35
1529	6.7
1530	4.95
1531	8.5
1532	5.75
1533	8.6
1534	9.25
1535	7.1
1536	10.2
1537	10.45
1538	8.2
1539	10
1540	8.05
1541	10.5
1542	8.55
1543	9.75
1544	5.7
1545	6.45
1546	6
1547	6.15
1548	5.15
1549	6.35
1550	6.95
1551	4.15
1552	6.2
1553	5.75
1554	5.3
1555	5.05
1556	4.55
1557	5.6
1558	6.25
1559	6.55
1560	10.6
1561	9.5
1562	9.6
1563	9.45
1564	10.4
1565	7.7
1566	7.6
1567	5.8
1568	4.95
1569	9.35
1570	13.05
1571	11.8
1572	10.85
1573	11.65
1574	9.6
1575	10.05
1576	10.2
1577	9.85
1578	11.35
1579	10.3
1580	9.25
1581	7.9
1582	9.2
1583	9.55
1584	8.45
1585	7.65
1586	9.5
1587	10.65
1588	12.4
1589	13.25
1590	10
1591	8.9
1592	7.8
1593	9.85
1594	12
1595	15.75
1596	18.3
1597	14.25
1598	13.4
1599	11.35
1600	13.35
1601	16.45
1602	16.8
1603	15.8
1604	16.5
1605	16.9
1606	18.35
1607	17.15
1608	18.75
1609	16.05
1610	18.2
1611	14.55
1612	15.2
1613	15.75
1614	14.65
1615	15.3
1616	14.35
1617	12
1618	10.55
1619	16.35
1620	14.25
1621	16.15
1622	14.8
1623	15.9
1624	16.7
1625	15.85
1626	16.9
1627	17.45
1628	17.8
1629	16.55
1630	13.3
1631	13.3
1632	12.45
1633	14.9
1634	15.85
1635	15.8
1636	13.95
1637	14.5
1638	15.85
1639	16.7
1640	18.35
1641	18.7
1642	20.9
1643	18.65
1644	16.2
1645	13.7
1646	14.6
1647	15.45
1648	14.75
1649	17.15
1650	14.8
1651	16.6
1652	15.85
1653	14.85
1654	15.5
1655	16.55
1656	15.25
1657	17.35
1658	17.3
1659	18.2
1660	18.95
1661	18.2
1662	19
1663	17.05
1664	18.15
1665	15.75
1666	16.55
1667	17.5
1668	14.85
1669	16.6
1670	15.5
1671	14.55
1672	16.85
1673	18.15
1674	18.95
1675	17.05
1676	17.65
1677	17.55
1678	15.45
1679	17.95
1680	16.65
1681	17.35
1682	18.6
1683	19.35
1684	17.2
1685	14.9
1686	15.7
1687	13.65
1688	13.95
1689	15.85
1690	15.95
1691	14.7
1692	14.4
1693	16.2
1694	16.7
1695	15.95
1696	15.6
1697	12.35
1698	13.95
1699	17.75
1700	14.85
1701	15.25
1702	16.1
1703	12.3
1704	13.8
1705	11.3
1706	11.05
1707	15.1
1708	13.55
1709	11.65
1710	10.25
1711	12.1
1712	12.8
1713	10.85
1714	12.45
1715	13.6
1716	14.5
1717	11.9
1718	12.9
1719	12.65
1720	13.25
1721	12.8
1722	15.55
1723	15.75
1724	16.05
1725	14.65
1726	13.45
1727	14.55
1728	13.3
1729	13.25
1730	11.4
1731	14.8
1732	16.55
1733	16.75
1734	15
1735	12.75
1736	11
1737	12.35
1738	10.9
1739	13
1740	10.85
1741	10.85
1742	10.9
1743	10.85
1744	10.15
1745	8.85
1746	9.3
1747	10.7
1748	7.45
1749	7.2
1750	6
1751	4.05
1752	3.75
1753	5.9
1754	5.6
1755	6.15
1756	6.05
1757	6.55
1758	7.55
1759	6.65
1760	8.2
1761	5.7
1762	7.45
1763	5.6
1764	6.35
1765	4.2
1766	4
1767	7.45
1768	11.5
1769	7.45
1770	8.5
1771	12.35
1772	10.9
1773	11.4
1774	9.7
1775	9.9
1776	6.5
1777	7.9
1778	6
1779	3.5
1780	2.1
1781	6.75
1782	6.1
1783	4.5
1784	5.95
1785	7.1
1786	4.55
1787	6.55
1788	12.1
1789	12.35
1790	8.35
1791	8.5
1792	6.5
1793	5.8
1794	5.4
1795	7
1796	11.7
1797	7.6
1798	6.4
1799	5.65
1800	3.05
1801	3.15
1802	3.85
1803	5.9
1804	5.1
1805	4.5
1806	4.95
1807	6.35
1808	6.75
1809	5.9
1810	9.2
1811	8.45
1812	8.65
1813	2.5
1814	8.45
1815	2.9
1816	1.4
1817	-0.2
1818	0.45
1819	-1.3
1820	-1.6
1821	-0.25
1822	1.75
1823	3.55
1824	2.05
1825	-1.45
1826	-2.6
1827	2.65
1828	0.15
1829	-1.35
1830	-1.45
1831	2.05
1832	6.8
1833	8.85
1834	5.3
1835	4.65
1836	7.15
1837	9.3
1838	7.25
1839	4.3
1840	7.65
1841	6
1842	9.4
1843	10.35
1844	9.85
1845	5.2
1846	6.3
1847	10.3
1848	9.2
1849	8.8
1850	8.05
1851	9.15
1852	3.9
1853	3.35
1854	8
1855	8.6
1856	6.9
1857	6.1
1858	6.1
1859	5.7
1860	5.95
1861	4.8
1862	2.4
1863	1.8
1864	5.65
1865	8.45
1866	8.9
1867	6.15
1868	3.7
1869	2.35
1870	3.5
1871	4.55
1872	2.1
1873	4.9
1874	6.2
1875	8.9
1876	7.85
1877	6.8
1878	4.7
1879	6.1
1880	3.6
1881	3.15
1882	5.25
1883	5.6
1884	4.5
1885	2.5
1886	0
1887	1.7
1888	2.75
1889	3.2
1890	2.45
1891	4.4
1892	7.35
1893	6.8
1894	7.45
1895	4.5
1896	5.95
1897	8.5
1898	7.65
1899	10.9
1900	10.25
1901	12.65
1902	9.35
1903	10.95
1904	11.4
1905	5.65
1906	6.25
1907	8.8
1908	9.65
1909	6.15
1910	5.3
1911	5.4
1912	3.6
1913	3.5
1914	6.75
1915	8.2
1916	10.6
1917	6.1
1918	6.2
1919	5.4
1920	4.85
1921	5.85
1922	8.85
1923	9.75
1924	7.35
1925	9.55
1926	9.05
1927	8.15
1928	8.7
1929	8.5
1930	7.05
1931	6.7
1932	7.9
1933	10.4
1934	12.55
1935	11.3
1936	12.2
1937	12.9
1938	11.6
1939	9.7
1940	11.7
1941	10.15
1942	10.7
1943	10.45
1944	12.4
1945	11.15
1946	13.55
1947	13.8
1948	12.6
1949	9.15
1950	8.35
1951	8.35
1952	8.9
1953	9.35
1954	9.1
1955	9.9
1956	11.45
1957	14.25
1958	16.15
1959	13.7
1960	11.45
1961	11.05
1962	8.5
1963	9.45
1964	15.8
1965	11.75
1966	12.3
1967	8.55
1968	12.25
1969	12.2
1970	16.6
1971	18.75
1972	14.05
1973	11.95
1974	11.7
1975	12.3
1976	12.8
1977	13.95
1978	12.75
1979	15.05
1980	14.75
1981	14.25
1982	15.1
1983	15.45
1984	17.6
1985	16.4
1986	18.35
1987	19.2
1988	19.95
1989	16.75
1990	14.25
1991	14.05
1992	13.5
1993	13.65
1994	14.15
1995	15.8
1996	15.55
1997	14.85
1998	13.7
1999	12.5
2000	13.65
2001	13.6
2002	13.1
2003	13.3
2004	17.1
2005	17.95
2006	17.2
2007	17
2008	18.35
2009	16.9
2010	17.7
2011	20
2012	19.8
2013	14.9
2014	15.1
2015	15.6
2016	16.55
2017	14.65
2018	11.3
2019	11.1
2020	12.2
2021	11.2
2022	18.3
2023	17.65
2024	18.7
2025	16.8
2026	13.85
2027	15.15
2028	15.35
2029	14.05
2030	15.05
2031	19.45
2032	16.95
2033	14.05
2034	14
2035	16.35
2036	18.55
2037	18.45
2038	16.25
2039	14.9
2040	14.9
2041	16.4
2042	15.9
2043	15.15
2044	15.5
2045	14.3
2046	16.05
2047	16.6
2048	18.2
2049	14.7
2050	15.5
2051	15.5
2052	13
2053	16.25
2054	17
2055	15.6
2056	14.8
2057	16.05
2058	17.3
2059	19
2060	17.25
2061	13.55
2062	11.95
2063	12.05
2064	12.3
2065	11.95
2066	11.9
2067	14.2
2068	14.15
2069	18.05
2070	14.65
2071	17.1
2072	16.3
2073	15.15
2074	10.5
2075	11.15
2076	12.1
2077	15.6
2078	16.65
2079	16.55
2080	14.8
2081	12.85
2082	10.3
2083	14
2084	12.45
2085	11.05
2086	11.85
2087	12.25
2088	11.4
2089	14.1
2090	14.9
2091	14.35
2092	12.6
2093	10.1
2094	10.3
2095	12.1
2096	9.3
2097	8.85
2098	10.1
2099	10.6
2100	9.2
2101	9.95
2102	11.25
2103	10.85
2104	12.35
2105	11.95
2106	11.6
2107	11.65
2108	9.95
2109	11.45
2110	11.65
2111	12.2
2112	12.5
2113	9.9
2114	7.3
2115	5.2
2116	3.9
2117	4.05
2118	6.5
2119	4.1
2120	6.6
2121	5.8
2122	6.9
2123	6.9
2124	6.75
2125	8
2126	8.4
2127	8.6
2128	8.7
2129	8.55
2130	8.1
2131	7.9
2132	7.1
2133	6
2134	9.05
2135	12.1
2136	11.45
2137	7.85
2138	8.1
2139	8.2
2140	6.1
2141	8.7
2142	6.45
2143	6.15
2144	8.15
2145	7.15
2146	4.45
2147	3.95
2148	3.7
2149	3.05
2150	2.35
2151	0.05
2152	0.05
2153	-0.4
2154	-3.55
2155	-0.75
2156	5.65
2157	4.55
2158	3.35
2159	1
2160	1.3
2161	6
2162	5.15
2163	9.35
2164	10.5
2165	10.65
2166	6.15
2167	8.1
2168	6.6
2169	6.7
2170	8.35
2171	7.05
2172	4.7
2173	5.6
2174	7.95
2175	1.65
2176	4.3
2177	6.25
2178	6.35
2179	10.45
2180	12.6
2181	4.65
2182	2.75
2183	5.25
2184	3.95
2185	2.5
2186	1.2
2187	3.3
2188	-1.15
2189	3.8
2190	6.55
2191	6
2192	5.05
2193	1.85
2194	2.7
2195	2.35
2196	0.05
2197	-0.4
2198	0.7
2199	-0.4
2200	1.15
2201	4.75
2202	6.4
2203	5.7
2204	6.5
2205	7.75
2206	6.7
2207	5.55
2208	1.8
2209	4.2
2210	5.7
2211	9.95
2212	6
2213	6.1
2214	5.3
2215	5.6
2216	2.85
2217	0.75
2218	-0.9
2219	0.3
2220	1.45
2221	1.45
2222	1.95
2223	2.8
2224	2.2
2225	2.55
2226	1.7
2227	1.2
2228	0.45
2229	-1.8
2230	-1.1
2231	-1.35
2232	-3.15
2233	-4.5
2234	-3.9
2235	-0.85
2236	-0.5
2237	-1.9
2238	-0.7
2239	0.15
2240	-0.15
2241	-0.65
2242	-0.4
2243	-2.2
2244	-4.3
2245	-3.2
2246	-2.55
2247	-1.25
2248	-2.6
2249	-2.4
2250	-1.5
2251	-0.15
2252	-0.8
2253	-0.25
2254	-0.8
2255	3.05
2256	8.2
2257	4.9
2258	4.65
2259	2.65
2260	3.8
2261	4.45
2262	4.75
2263	2.25
2264	2.55
2265	5.25
2266	7.65
2267	6.7
2268	4.7
2269	6.25
2270	6.35
2271	7
2272	6.6
2273	8.55
2274	7.35
2275	5.85
2276	4.25
2277	6
2278	8.75
2279	6.65
2280	7.6
2281	4.05
2282	5.05
2283	6.3
2284	3.7
2285	4.2
2286	4.3
2287	3.25
2288	2.95
2289	2.3
2290	3.45
2291	6.1
2292	4.6
2293	2.2
2294	4.8
2295	4.15
2296	6.8
2297	7.3
2298	6.15
2299	5.1
2300	5.4
2301	6
2302	8.55
2303	5.75
2304	6.95
2305	7.2
2306	9.1
2307	8.3
2308	8.8
2309	8.7
2310	8.15
2311	8.2
2312	8.85
2313	11
2314	12.85
2315	10.9
2316	9.9
2317	10.65
2318	9.75
2319	9.9
2320	10.1
2321	10.35
2322	13.2
2323	12.35
2324	12.05
2325	10.8
2326	9
2327	8.75
2328	9.15
2329	10.55
2330	13.05
2331	12.15
2332	14.55
2333	11.35
2334	10.8
2335	12.35
2336	11.1
2337	12.9
2338	13.35
2339	11.55
2340	9.8
2341	9.45
2342	9.7
2343	10.7
2344	13.4
2345	15.3
2346	12.75
2347	9.55
2348	9.45
2349	9.15
2350	10.85
2351	11.75
2352	13.5
2353	13.1
2354	10.8
2355	11.6
2356	15.2
2357	16.7
2358	17.7
2359	20.15
2360	17.5
2361	13.15
2362	14.8
2363	14.85
2364	15.05
2365	13.8
2366	14.8
2367	14.95
2368	17.6
2369	20
2370	21.4
2371	21.9
2372	20.4
2373	18.25
2374	16.95
2375	17.85
2376	17.45
2377	17.3
2378	16.15
2379	15.75
2380	15
2381	15.45
2382	12.75
2383	16.15
2384	15.55
2385	15.25
2386	17.35
2387	19.55
2388	21.25
2389	20.85
2390	15.9
2391	13.4
2392	14.35
2393	16.9
2394	16.05
2395	15
2396	12.55
2397	13.7
2398	17.2
2399	18.3
2400	15.7
2401	17.6
2402	17.25
2403	12.8
2404	15.6
2405	12.45
2406	16.65
2407	12.4
2408	13.8
2409	14.1
2410	16.25
2411	15.9
2412	14.8
2413	15.45
2414	16.6
2415	15.75
2416	15.6
2417	16.35
2418	17.15
2419	15.4
2420	13.4
2421	15.6
2422	13.7
2423	13.4
2424	12.75
2425	12.05
2426	14.2
2427	13
2428	13.6
2429	11.95
2430	13.25
2431	12.3
2432	11.5
2433	10.15
2434	11.8
2435	11.9
2436	13.2
2437	15.05
2438	13
2439	11.15
2440	11.2
2441	12.3
2442	12.15
2443	11.2
2444	10.05
2445	9.6
2446	10.8
2447	11.4
2448	9.05
2449	11.35
2450	8
2451	9
2452	8.5
2453	9.45
2454	9.3
2455	11.6
2456	11.4
2457	13.55
2458	13
2459	11.85
2460	10.6
2461	9.8
2462	12.3
2463	14.95
2464	14.8
2465	12.2
2466	13.2
2467	13.55
2468	12.6
2469	13.7
2470	14.1
2471	14.6
2472	15.45
2473	15
2474	14.3
2475	13.3
2476	10.45
2477	9.1
2478	12.2
2479	13.35
2480	11.4
2481	7.65
2482	8.15
2483	8.95
2484	8.6
2485	9.6
2486	9.7
2487	10.55
2488	6.8
2489	6.5
2490	9.25
2491	8.55
2492	10.75
2493	13.95
2494	7.6
2495	9.9
2496	8.9
2497	9.15
2498	4.45
2499	5.95
2500	6.5
2501	8.3
2502	7.85
2503	8.85
2504	7
2505	8.7
2506	11.4
2507	11.2
2508	6.6
2509	9.05
2510	9.75
2511	8.1
2512	8.15
2513	5.85
2514	8.55
2515	9.5
2516	5.8
2517	6.2
2518	6.3
2519	6.8
2520	9.4
2521	12.15
2522	7.2
2523	7.35
2524	6.9
2525	3.15
2526	5.15
2527	7.85
2528	8.6
2529	10.75
2530	11.9
2531	11.9
2532	3.85
2533	6.05
2534	8.1
2535	6.2
2536	2.9
2537	3.9
2538	3.7
2539	4.75
2540	3.25
2541	3.9
2542	4.15
2543	6.55
2544	6.75
2545	3.9
2546	4.25
2547	1.8
2548	1.65
2549	2.05
2550	4.7
2551	5.2
2552	3.35
2553	4.8
2554	6.6
2555	9.2
2556	10.05
2557	8.35
2558	7.85
2559	5.4
2560	2
2561	3.85
2562	5.95
2563	3.95
2564	0.3
2565	-1.35
2566	-2.2
2567	-0.05
2568	-5.2
2569	-8.75
2570	-7.65
2571	-4.3
2572	-2.45
2573	-0.25
2574	-2.8
2575	-2.4
2576	-1.2
2577	0.85
2578	2.8
2579	4.8
2580	4.25
2581	4.35
2582	3.95
2583	3.45
2584	1.85
2585	1.8
2586	0.35
2587	-2.05
2588	-2.15
2589	-1.3
2590	1
2591	5.65
2592	6.1
2593	7.7
2594	9.45
2595	5.7
2596	7.5
2597	8.5
2598	6.3
2599	3.95
2600	3
2601	1.8
2602	1.9
2603	0.8
2604	-0.35
2605	0.4
2606	0.55
2607	-0.2
2608	-0.2
2609	0.95
2610	3.3
2611	2.85
2612	1.55
2613	0.4
2614	4.15
2615	7.35
2616	11
2617	9.3
2618	7.45
2619	0.75
2620	0.85
2621	2.95
2622	3
2623	1.3
2624	1.25
2625	1
2626	1.75
2627	1.65
2628	0.55
2629	-0.35
2630	1.65
2631	4.15
2632	4.25
2633	7.7
2634	4.6
2635	1.8
2636	2.45
2637	2.55
2638	3.5
2639	7.55
2640	8.75
2641	8.65
2642	6.3
2643	9
2644	6.1
2645	4
2646	5.65
2647	7.8
2648	7
2649	4.35
2650	6.75
2651	7.25
2652	8.7
2653	9.1
2654	8.1
2655	9.2
2656	9.45
2657	6.75
2658	6.7
2659	6.15
2660	8.65
2661	10.8
2662	9.7
2663	11.15
2664	12.6
2665	12.2
2666	13
2667	9.45
2668	10.05
2669	10.9
2670	11.9
2671	13.45
2672	13.75
2673	13.45
2674	14
2675	14.25
2676	15.15
2677	13.4