1	5103.072
2	5896.512
3	4159.296
4	5403.744
5	5554.08
6	5149.008
7	3432.672
8	3411.792
9	4785.696
10	4839.984
11	3591.36
12	3415.968
13	4485.024
14	3056.832
15	2856.384
16	3324.096
17	3173.76
18	2810.448
19	2635.056
20	5032.08
21	2927.376
22	2843.856
23	3491.136
24	2985.84
25	3031.776
26	4443.264
27	4756.464
28	4050.72
29	6936.336
30	6969.744
31	6865.344
32	4426.56
33	5675.184
34	5286.816
35	3841.92
36	5604.192
37	9667.440003
38	9370.944
39	8673.551997
40	6735.888
41	6852.816
42	4322.16
43	4656.24
44	3361.68
45	8698.607997
46	6268.176
47	4986.144
48	8439.696
49	11580.048
50	11943.36
51	6644.016
52	9103.680003
53	8873.999997
54	10197.792
55	12206.448
56	11271.024
57	12085.344
58	11329.488
59	13354.848
60	11237.616
61	11400.48
62	10627.92
63	5942.448
64	10794.96
65	9391.824003
66	11884.896
67	10222.848
68	7796.592
69	5909.04
70	9237.311997
71	7558.56
72	7166.016
73	10185.264
74	11174.976
75	9224.783997
76	10214.496
77	10602.864
78	7900.992
79	13952.016
80	10907.712
81	13605.408
82	9654.912003
83	15242.4
84	18111.312
85	17781.408
86	9145.44
87	11793.024
88	11225.088
89	8205.84
90	10874.304
91	14394.672
92	10820.016
93	9554.688003
94	10014.048
95	12152.16
96	11772.144
97	14018.832
98	17535.024
99	16486.848
100	10272.96
101	18211.536
102	20880
103	21356.064
104	18370.224
105	16081.776
106	15275.808
107	22291.488
108	20662.848
109	21652.56
110	22320.72
111	21118.032
112	22608.864
113	19982.16
114	20938.464
115	22838.544
116	20871.648
117	20466.576
118	25043.472
119	25152.048
120	23523.408
121	22592.16
122	23569.344
123	22859.424
124	13154.4
125	14407.2
126	11275.2
127	13672.224
128	18524.736
129	19088.496
130	22784.256
131	12540.528
132	15601.536
133	12473.712
134	22901.184
135	22901.184
136	23285.376
137	26346.384
138	27741.168
139	27941.616
140	25615.584
141	18750.24
142	23080.752
143	18144.72
144	16240.464
145	24049.584
146	14002.128
147	22842.72
148	25832.736
149	18190.656
150	23352.192
151	21903.12
152	13225.392
153	21514.752
154	19564.56
155	21994.992
156	25694.928
157	25552.944
158	28083.6
159	25745.04
160	13054.176
161	18148.896
162	14636.88
163	13166.928
164	22604.688
165	25515.36
166	25607.232
167	19330.704
168	22304.016
169	24062.112
170	26317.152
171	27060.48
172	25665.696
173	26667.936
174	25807.68
175	21305.952
176	25365.024
177	24371.136
178	25640.64
179	25836.912
180	23907.6
181	20763.072
182	25498.656
183	21907.296
184	27503.136
185	21072.096
186	19894.464
187	24133.104
188	26492.544
189	25765.92
190	25949.664
191	23435.712
192	23669.568
193	23991.12
194	26045.712
195	28263.168
196	25089.408
197	23978.592
198	22897.008
199	24701.04
200	24713.568
201	24371.136
202	24492.24
203	25026.768
204	23803.2
205	24074.64
206	20804.832
207	23013.936
208	23986.944
209	25611.408
210	23598.576
211	19714.896
212	24897.312
213	25177.104
214	24291.792
215	24696.864
216	24091.344
217	19790.064
218	21527.28
219	22608.864
220	21322.656
221	21903.12
222	20733.84
223	19652.256
224	16745.76
225	22266.432
226	22671.504
227	21569.04
228	18700.128
229	18984.096
230	16921.152
231	21944.88
232	21539.808
233	22466.88
234	18624.96
235	10941.12
236	10790.784
237	11843.136
238	11333.664
239	13175.28
240	9784.368
241	11325.312
242	15388.56
243	16470.144
244	15609.888
245	13425.84
246	13642.992
247	18779.472
248	15371.856
249	15350.976
250	10820.016
251	15388.56
252	15614.064
253	15025.248
254	8481.456
255	12348.432
256	15288.336
257	16052.544
258	12528
259	13977.072
260	16557.84
261	16962.912
262	13375.728
263	13906.08
264	14595.12
265	14048.064
266	14574.24
267	14737.104
268	14014.656
269	9191.376003
270	12519.648
271	12327.552
272	14582.592
273	9554.688003
274	10381.536
275	14215.104
276	14578.416
277	13313.088
278	10531.872
279	12511.296
280	13492.656
281	11195.856
282	10577.808
283	7249.536
284	4977.792
285	4931.856
286	6907.104
287	10882.656
288	10548.576
289	5449.68
290	5458.032
291	7700.544
292	9233.136
293	7830
294	10306.368
295	10590.336
296	9475.343997
297	11087.28
298	10886.832
299	10840.896
300	12315.024
301	11580.048
302	11638.512
303	10465.056
304	8264.304
305	5721.12
306	4317.984
307	5633.424
308	6727.536
309	5549.904
310	4560.192
311	4105.008
312	4748.112
313	4259.52
314	3537.072
315	6176.304
316	3908.736
317	2472.192
318	6293.232
319	5186.592
320	3674.88
321	3900.384
322	4493.376
323	4685.472
324	5825.52
325	5098.896
326	6247.296
327	5942.448
328	6426.864
329	6623.136
330	3750.048
331	3340.8
332	4163.472
333	6155.424
334	3896.208
335	2655.936
336	5800.464
337	4672.944
338	3712.464
339	4472.496
340	3958.848
341	3795.984
342	2935.728
343	3758.4
344	3720.816
345	3094.416
346	3081.888
347	2810.448
348	2317.68
349	1816.56
350	1879.2
351	2614.176
352	3574.656
353	3182.112
354	4764.816
355	5395.392
356	4601.952
357	3173.76
358	2848.032
359	3294.864
360	4334.688
361	4798.224
362	5115.6
363	3854.448
364	3821.04
365	3161.232
366	3202.992
367	3015.072
368	2213.28
369	4973.616
370	5069.664
371	4455.792
372	4322.16
373	3553.776
374	3716.64
375	2797.92
376	3349.152
377	2367.792
378	3370.032
379	2806.272
380	5900.688
381	6656.544
382	4155.12
383	4079.952
384	3821.04
385	3858.624
386	3674.88
387	5658.48
388	4773.168
389	4639.536
390	3908.736
391	6209.712
392	6869.52
393	7562.736
394	7671.312
395	3583.008
396	3720.816
397	3194.64
398	4547.664
399	6961.392
400	5353.632
401	4823.28
402	4923.504
403	6602.256
404	6476.976
405	7946.928
406	7608.672
407	5650.128
408	6051.024
409	4706.352
410	4422.384
411	5040.432
412	5470.56
413	4768.992
414	5215.824
415	7099.2
416	9045.216
417	11980.944
418	11078.928
419	11479.824
420	11195.856
421	11613.456
422	13137.696
423	13488.48
424	14302.8
425	11709.504
426	12386.016
427	8201.664
428	9003.456003
429	11930.832
430	8498.16
431	6309.936
432	10607.04
433	6564.672
434	6101.136
435	10978.704
436	11488.176
437	14419.728
438	8427.168
439	7291.296
440	10820.016
441	11463.12
442	11484
443	16006.608
444	15822.864
445	8410.464
446	14181.696
447	7320.528
448	8970.048
449	12594.816
450	12891.312
451	17063.136
452	17159.184
453	15033.6
454	16695.648
455	19134.432
456	19777.536
457	18411.984
458	20395.584
459	19936.224
460	16820.928
461	19334.88
462	14073.12
463	11901.6
464	11191.68
465	12106.224
466	14887.44
467	17334.576
468	17543.376
469	19109.376
470	19781.712
471	17021.376
472	21047.04
473	16428.384
474	19965.456
475	14106.528
476	14908.32
477	20955.168
478	18508.032
479	11162.448
480	12490.416
481	15175.584
482	14737.104
483	20980.224
484	14377.968
485	10723.968
486	18704.304
487	22375.008
488	22249.728
489	24329.376
490	26183.52
491	26830.8
492	26429.904
493	25941.312
494	25682.4
495	16194.528
496	17155.008
497	22400.064
498	19982.16
499	23114.16
500	25131.168
501	26158.464
502	26112.528
503	27632.592
504	26809.92
505	24709.392
506	22379.184
507	18320.112
508	23456.592
509	25202.16
510	27202.464
511	25465.248
512	14273.568
513	16687.296
514	25999.776
515	23890.896
516	26317.152
517	23381.424
518	22266.432
519	22792.608
520	26647.056
521	19919.52
522	13041.648
523	17597.664
524	17818.992
525	27244.224
526	27883.152
527	25949.664
528	25189.632
529	24584.112
530	26237.808
531	25786.8
532	24625.872
533	25761.744
534	19514.448
535	26237.808
536	27870.624
537	27899.856
538	27265.104
539	27315.216
540	25569.648
541	24508.944
542	24020.352
543	23093.28
544	27093.888
545	24630.048
546	27098.064
547	27557.424
548	25991.424
549	27306.864
550	27306.864
551	25448.544
552	24550.704
553	25385.904
554	15768.576
555	25770.096
556	25143.696
557	23018.112
558	23932.656
559	22383.36
560	16958.736
561	24563.232
562	24291.792
563	24951.6
564	24855.552
565	22696.56
566	20391.408
567	18391.104
568	24926.544
569	19351.584
570	15956.496
571	25511.184
572	22901.184
573	17856.576
574	19769.184
575	21493.872
576	22717.44
577	20533.392
578	18620.784
579	16804.224
580	20249.424
581	23799.024
582	23314.608
583	22859.424
584	21193.2
585	21752.784
586	19990.512
587	16570.368
588	15000.192
589	19435.104
590	21021.984
591	19113.552
592	16825.104
593	15376.032
594	13943.664
595	16749.936
596	10193.616
597	10352.304
598	20700.432
599	22187.088
600	17196.768
601	18432.864
602	20988.576
603	20633.616
604	20370.528
605	18888.048
606	15225.696
607	12678.336
608	13634.64
609	12682.512
610	10331.424
611	18462.096
612	13116.816
613	9642.384003
614	18566.496
615	19305.648
616	18199.008
617	19184.544
618	17656.128
619	10569.456
620	16716.528
621	16411.68
622	9721.728
623	14377.968
624	13910.256
625	13814.208
626	16102.656
627	16666.416
628	16950.384
629	16144.416
630	15133.824
631	15472.08
632	14787.216
633	14545.008
634	12928.896
635	9588.095997
636	11233.44
637	8815.536003
638	8644.32
639	8794.656
640	8748.719997
641	7830
642	8502.336
643	11638.512
644	8255.952
645	13225.392
646	13985.424
647	14156.64
648	13417.488
649	11517.408
650	6927.984
651	7825.824
652	8748.719997
653	11554.992
654	7349.76
655	6902.928
656	11078.928
657	10974.528
658	5387.04
659	6765.12
660	7366.464
661	10310.544
662	10047.456
663	7491.744
664	6990.624
665	5199.12
666	5249.232
667	4802.4
668	4885.92
669	4748.112
670	8205.84
671	7287.12
672	5249.232
673	3942.144
674	4292.928
675	5474.736
676	4931.856
677	5299.344
678	5011.2
679	5107.248
680	5228.352
681	5909.04
682	4372.272
683	3102.768
684	3741.696
685	5938.272
686	7266.24
687	6547.968
688	4192.704
689	5307.696
690	4071.6
691	3424.32
692	5002.848
693	6272.352
694	6902.928
695	6439.392
696	6105.312
697	3699.936
698	3983.904
699	4000.608
700	2154.816
701	2564.064
702	3654
703	5199.12
704	3324.096
705	4852.512
706	4184.352
707	2839.68
708	4556.016
709	2977.488
710	2751.984
711	4443.264
712	5875.632
713	5671.008
714	4067.424
715	2680.992
716	2472.192
717	2213.28
718	1808.208
719	2129.76
720	2518.128
721	3303.216
722	3424.32
723	5002.848
724	5370.336
725	3065.184
726	2990.016
727	4042.368
728	2630.88
729	2267.568
730	3658.176
731	2998.368
732	2388.672
733	2873.088
734	2363.616
735	2397.024
736	2376.144
737	2789.568
738	3102.768
739	2944.08
740	3699.936
741	3211.344
742	3294.864
743	4560.192
744	5503.968
745	3770.928
746	5771.232
747	6005.088
748	6873.696
749	4923.504
750	4735.584
751	2497.248
752	3324.096
753	2580.768
754	4226.112
755	6364.224
756	6602.256
757	3453.552
758	4109.184
759	3921.264
760	4447.44
761	7074.144
762	4852.512
763	4814.928
764	6184.656
765	7771.536
766	5992.56
767	4347.216
768	6276.528
769	4601.952
770	4831.632
771	3516.192
772	3762.576
773	5387.04
774	4831.632
775	6577.2
776	6577.2
777	5499.792
778	5445.504
779	9421.056
780	7775.712
781	4710.528
782	4944.384
783	6330.816
784	6005.088
785	10853.424
786	7779.888
787	8285.184
788	9629.856003
789	10853.424
790	11659.392
791	13701.456
792	11918.304
793	7804.944
794	9717.552003
795	10640.448
796	8727.840003
797	8193.312
798	12937.248
799	11951.712
800	9483.696
801	6669.072
802	10673.856
803	14486.544
804	12189.744
805	14937.552
806	14365.44
807	15413.616
808	12966.48
809	9329.184003
810	10577.808
811	12757.68
812	13292.208
813	12995.712
814	10753.2
815	16144.416
816	18203.184
817	12928.896
818	12193.92
819	9575.567997
820	9446.112
821	9880.416003
822	14281.92
823	16094.304
824	13329.792
825	15568.128
826	12544.704
827	19272.24
828	11053.872
829	9771.84
830	11859.84
831	9700.847997
832	12189.744
833	19564.56
834	21727.728
835	19393.344
836	17731.296
837	22571.28
838	21435.408
839	22007.52
840	19522.8
841	14169.168
842	19372.464
843	23097.456
844	19042.56
845	20157.552
846	22124.448
847	23949.36
848	17296.992
849	16031.664
850	17969.328
851	15898.032
852	10502.64
853	17397.216
854	12816.144
855	16649.712
856	20959.344
857	21001.104
858	21130.56
859	14549.184
860	13225.392
861	22207.968
862	24922.368
863	22830.192
864	13985.424
865	17944.272
866	18871.344
867	14849.856
868	18102.96
869	12406.896
870	13793.328
871	19593.792
872	23218.56
873	24333.552
874	19631.376
875	22817.664
876	25548.768
877	18144.72
878	13104.288
879	21619.152
880	26688.816
881	24517.296
882	23356.368
883	15413.616
884	20650.32
885	23306.256
886	23515.056
887	23811.552
888	19773.36
889	21351.888
890	25619.76
891	24901.488
892	26162.64
893	25481.952
894	28229.76
895	26855.856
896	20696.256
897	16816.752
898	24951.6
899	27073.008
900	27089.712
901	25719.984
902	24976.656
903	20412.288
904	20625.264
905	20299.536
906	24153.984
907	20358
908	15497.136
909	24642.576
910	26667.936
911	22416.768
912	21063.744
913	26847.504
914	27068.832
915	28033.488
916	24579.936
917	23677.92
918	20921.76
919	23201.856
920	24250.032
921	21832.128
922	22496.112
923	25790.976
924	26058.24
925	23581.872
926	24734.448
927	21573.216
928	19602.144
929	21184.848
930	23882.544
931	24671.808
932	24471.36
933	21886.416
934	19702.368
935	24266.736
936	26033.184
937	24158.16
938	20608.56
939	22729.968
940	20562.624
941	23038.992
942	15417.792
943	19092.672
944	21502.224
945	21172.32
946	23890.896
947	22663.152
948	15651.648
949	23498.352
950	23289.552
951	19096.848
952	21205.728
953	19694.016
954	22395.888
955	20980.224
956	19739.952
957	21819.6
958	20779.776
959	21372.768
960	21297.6
961	16449.264
962	17752.176
963	13509.36
964	12386.016
965	15338.448
966	14039.712
967	20905.056
968	20458.224
969	20366.352
970	13759.92
971	9458.64
972	14215.104
973	14996.016
974	16791.696
975	14436.432
976	11137.392
977	17334.576
978	17330.4
979	13835.088
980	18988.272
981	19965.456
982	18862.992
983	16745.76
984	15893.856
985	18570.672
986	17835.696
987	16470.144
988	13931.136
989	18411.984
990	12624.048
991	10815.84
992	12056.112
993	13542.768
994	12573.936
995	13050
996	9684.144
997	11237.616
998	15133.824
999	14854.032
1000	14728.752
1001	12811.968
1002	11400.48
1003	15534.72
1004	15739.344
1005	8911.583997
1006	11818.08
1007	12845.376
1008	14223.456
1009	9634.032
1010	10005.696
1011	11179.152
1012	5800.464
1013	7617.024
1014	7049.088
1015	4810.752
1016	10707.264
1017	9621.504
1018	11563.344
1019	11935.008
1020	9208.08
1021	11342.016
1022	10774.08
1023	10540.224
1024	9095.328
1025	6238.944
1026	6614.784
1027	7708.896
1028	7404.048
1029	7963.632
1030	8448.048
1031	6013.44
1032	5353.632
1033	6318.288
1034	5107.248
1035	5804.64
1036	3841.92
1037	8656.848
1038	6205.536
1039	5349.456
1040	6238.944
1041	5608.368
1042	5595.84
1043	5883.984
1044	4902.624
1045	4635.36
1046	5153.184
1047	3716.64
1048	3507.84
1049	5562.432
1050	5220
1051	4581.072
1052	6623.136
1053	6322.464
1054	7646.256
1055	7328.88
1056	4276.224
1057	5098.896
1058	6435.216
1059	7178.544
1060	2643.408
1061	2363.616
1062	5190.768
1063	3741.696
1064	3211.344
1065	2914.848
1066	3186.288
1067	5286.816
1068	5691.888
1069	5524.848
1070	5182.416
1071	3958.848
1072	3365.856
1073	3654
1074	3010.896
1075	3324.096
1076	4008.96
1077	3370.032
1078	1795.68
1079	4576.896
1080	5040.432
1081	5211.648
1082	5165.712
1083	4221.936
1084	4384.8
1085	5199.12
1086	5495.616
1087	3775.104
1088	2534.832
1089	2873.088
1090	4363.92
1091	5387.04
1092	3716.64
1093	2668.464
1094	2355.264
1095	2505.6
1096	5374.512
1097	6351.696
1098	5925.744
1099	4046.544
1100	6084.432
1101	6389.28
1102	6105.312
1103	6506.208
1104	5825.52
1105	6113.664
1106	3904.56
1107	3223.872
1108	2547.36
1109	2317.68
1110	2564.064
1111	3311.568
1112	2401.2
1113	3654
1114	3136.176
1115	2259.216
1116	2726.928
1117	2576.592
1118	5992.56
1119	5524.848
1120	3754.224
1121	7520.976
1122	7145.136
1123	7717.248
1124	5558.256
1125	5412.096
1126	5524.848
1127	7049.088
1128	5512.32
1129	4426.56
1130	4451.616
1131	6694.128
1132	7779.888
1133	6944.688
1134	6865.344
1135	5462.208
1136	5716.944
1137	4376.448
1138	5691.888
1139	8164.08
1140	9078.624003
1141	6071.904
1142	9650.735997
1143	4752.288
1144	5829.696
1145	5712.768
1146	4255.344
1147	6238.944
1148	7537.68
1149	6255.648
1150	5600.016
1151	4961.088
1152	4493.376
1153	5520.672
1154	10966.176
1155	6915.456
1156	10732.32
1157	9245.664
1158	6723.36
1159	5645.952
1160	6882.048
1161	6794.352
1162	8990.928003
1163	12235.68
1164	14269.392
1165	16257.168
1166	14862.384
1167	14478.192
1168	9466.992003
1169	5984.208
1170	12949.776
1171	12281.616
1172	13262.976
1173	12018.528
1174	14678.64
1175	13751.568
1176	15906.384
1177	15810.336
1178	10151.856
1179	14490.72
1180	18499.68
1181	14148.288
1182	18324.288
1183	19121.904
1184	19146.96
1185	13793.328
1186	9416.880003
1187	7834.176
1188	10769.904
1189	14298.624
1190	15254.928
1191	11329.488
1192	8652.672003
1193	11609.28
1194	10982.88
1195	15756.048
1196	14248.512
1197	14461.488
1198	10348.128
1199	8903.232003
1200	13321.44
1201	9178.848003
1202	16073.424
1203	10711.44
1204	21569.04
1205	21685.968
1206	21222.432
1207	19744.128
1208	17351.28
1209	21422.88
1210	19706.544
1211	18253.296
1212	17501.616
1213	17576.784
1214	22400.064
1215	18399.456
1216	13446.72
1217	15551.424
1218	21009.456
1219	23402.304
1220	21811.248
1221	12498.768
1222	14666.112
1223	19447.632
1224	23135.04
1225	20449.872
1226	18545.616
1227	24300.144
1228	20829.888
1229	10356.48
1230	24709.392
1231	19497.744
1232	25356.672
1233	15430.32
1234	17384.688
1235	10916.064
1236	20796.48
1237	13200.336
1238	17894.16
1239	16979.616
1240	20015.568
1241	22533.696
1242	24304.32
1243	20328.768
1244	25373.376
1245	26897.616
1246	23886.72
1247	21189.024
1248	24596.64
1249	28204.704
1250	27686.88
1251	28137.888
1252	27883.152
1253	26885.088
1254	24822.144
1255	21577.392
1256	27052.128
1257	20057.328
1258	22542.048
1259	20654.496
1260	16060.896
1261	16708.176
1262	17585.136
1263	23502.528
1264	20495.808
1265	27356.976
1266	27273.456
1267	27169.056
1268	21560.688
1269	25953.84
1270	26367.264
1271	21581.568
1272	27899.856
1273	25532.064
1274	22337.424
1275	26496.72
1276	29941.92
1277	26951.904
1278	20704.608
1279	21276.72
1280	26338.032
1281	23836.608
1282	24442.128
1283	21878.064
1284	21627.504
1285	25210.512
1286	26120.88
1287	23602.752
1288	24270.912
1289	26003.952
1290	26175.168
1291	24425.424
1292	22738.32
1293	25469.424
1294	24604.992
1295	23515.056
1296	23911.776
1297	22408.416
1298	22717.44
1299	22642.272
1300	24976.656
1301	25527.888
1302	23297.904
1303	24087.168
1304	16570.368
1305	24955.776
1306	25502.832
1307	22592.16
1308	17338.752
1309	21640.032
1310	23444.064
1311	22846.896
1312	18102.96
1313	20115.792
1314	23072.4
1315	22788.432
1316	19430.928
1317	22888.656
1318	19485.216
1319	24329.376
1320	23773.968
1321	19535.328
1322	19961.28
1323	23038.992
1324	21318.48
1325	16420.032
1326	22136.976
1327	20763.072
1328	21886.416
1329	19932.048
1330	21013.632
1331	20692.08
1332	19197.072
1333	19472.688
1334	18583.2
1335	12181.392
1336	14023.008
1337	15948.144
1338	19426.752
1339	19585.44
1340	20437.344
1341	19142.784
1342	19263.888
1343	17351.28
1344	15801.984
1345	15655.824
1346	14369.616
1347	20036.448
1348	17748
1349	14490.72
1350	18629.136
1351	17013.024
1352	19197.072
1353	17351.28
1354	18432.864
1355	18599.904
1356	17597.664
1357	17071.488
1358	14382.144
1359	14670.288
1360	15526.368
1361	17046.432
1362	14824.8
1363	15852.096
1364	13772.448
1365	11797.2
1366	14064.768
1367	13642.992
1368	16248.816
1369	13935.312
1370	8665.200003
1371	6773.472
1372	6669.072
1373	6314.112
1374	11321.136
1375	13626.288
1376	14181.696
1377	13108.464
1378	13480.128
1379	12995.712
1380	12953.952
1381	12360.96
1382	12498.768
1383	12498.768
1384	12185.568
1385	10840.896
1386	10239.552
1387	6021.792
1388	6882.048
1389	7487.568
1390	9408.528
1391	10160.208
1392	10581.984
1393	10310.544
1394	9091.152003
1395	8255.952
1396	7980.336
1397	9730.080003
1398	10419.12
1399	10302.192
1400	9270.72
1401	6351.696
1402	5027.904
1403	5236.704
1404	6410.16
1405	7049.088
1406	5090.544
1407	5261.76
1408	6773.472
1409	7688.016
1410	7508.448
1411	8022.096
1412	8017.92
1413	7587.792
1414	7959.456
1415	8088.912
1416	8164.08
1417	6005.088
1418	6130.368
1419	7303.824
1420	6109.488
1421	6351.696
1422	5683.536
1423	6435.216
1424	6852.816
1425	5078.016
1426	2338.56
1427	2802.096
1428	3382.56
1429	3875.328
1430	6193.008
1431	3466.08
1432	4276.224
1433	2413.728
1434	3077.712
1435	3553.776
1436	5311.872
1437	4681.296
1438	3253.104
1439	2743.632
1440	1937.664
1441	2622.528
1442	1875.024
1443	3612.24
1444	3098.592
1445	1958.544
1446	2300.976
1447	4113.36
1448	2346.912
1449	2142.288
1450	1954.368
1451	2171.52
1452	2229.984
1453	2651.76
1454	2534.832
1455	3006.72
1456	2384.496
1457	1837.44
1458	2889.792
1459	2797.92
1460	4301.28
1461	2672.64
1462	4806.576
1463	4054.896
1464	5215.824
1465	3319.92
1466	4814.928
1467	4618.656
1468	5211.648
1469	4961.088
1470	2330.208
1471	4038.192
1472	5382.864
1473	6080.256
1474	6439.392
1475	6886.224
1476	7529.328
1477	6723.36
1478	5483.088
1479	5140.656
1480	6080.256
1481	4230.288
1482	1482.48
1483	2534.832
1484	2772.864
1485	2731.104
1486	4063.248
1487	3035.952
1488	2522.304
1489	3975.552
1490	5904.864
1491	5992.56
1492	7725.6
1493	6677.424
1494	2969.136
1495	3403.44
1496	6151.248
1497	4418.208
1498	7449.984
1499	4013.136
1500	4150.944
1501	3557.952
1502	4334.688
1503	4597.776
1504	4242.816
1505	7069.968
1506	5549.904
1507	5182.416
1508	3152.88
1509	4568.544
1510	5821.344
1511	4468.32
1512	8514.864
1513	8548.272
1514	9730.080003
1515	9521.28
1516	9876.239997
1517	10916.064
1518	10298.016
1519	10803.312
1520	10627.92
1521	6669.072
1522	11350.368
1523	13526.064
1524	14720.4
1525	14787.216
1526	13985.424
1527	14010.48
1528	11864.016
1529	12782.736
1530	13718.16
1531	9237.311997
1532	11258.496
1533	12573.936
1534	9258.192
1535	6556.32
1536	13810.032
1537	16486.848
1538	10669.68
1539	12807.792
1540	13237.92
1541	13371.552
1542	11955.888
1543	16457.616
1544	15146.352
1545	12803.616
1546	5483.088
1547	11571.696
1548	12494.592
1549	10460.88
1550	17405.568
1551	18036.144
1552	15263.28
1553	18044.496
1554	19602.144
1555	17063.136
1556	12340.08
1557	18533.088
1558	20182.608
1559	20048.976
1560	20053.152
1561	19414.224
1562	11329.488
1563	15075.36
1564	20236.896
1565	23130.864
1566	21690.144
1567	22124.448
1568	11960.064
1569	16031.664
1570	17438.976
1571	20266.128
1572	22400.064
1573	20988.576
1574	20896.704
1575	15843.744
1576	20529.216
1577	16983.792
1578	20558.448
1579	18027.792
1580	20153.376
1581	22537.872
1582	18508.032
1583	19526.976
1584	21957.408
1585	25410.96
1586	23235.264
1587	23615.28
1588	27014.544
1589	24872.256
1590	26576.064
1591	26663.76
1592	27528.192
1593	27285.984
1594	27031.248
1595	27285.984
1596	26175.168
1597	28998.144
1598	28346.688
1599	25640.64
1600	28300.752
1601	26997.84
1602	26154.288
1603	29340.576
1604	29737.296
1605	30288.528
1606	26634.528
1607	27607.536
1608	23794.848
1609	28071.072
1610	28242.288
1611	26275.392
1612	27002.016
1613	28639.008
1614	25277.328
1615	24985.008
1616	30451.392
1617	25632.288
1618	23423.184
1619	24529.824
1620	26308.8
1621	26864.208
1622	26216.928
1623	27402.912
1624	26250.336
1625	28267.344
1626	24609.168
1627	25891.2
1628	17438.976
1629	26505.072
1630	26805.744
1631	23870.016
1632	26709.696
1633	29307.168
1634	28818.576
1635	24208.272
1636	27022.896
1637	27741.168
1638	27169.056
1639	24667.632
1640	25970.544
1641	25039.296
1642	25974.72
1643	13626.288
1644	13271.328
1645	19752.48
1646	26333.856
1647	28217.232
1648	24312.672
1649	27853.92
1650	26826.624
1651	24784.56
1652	27056.304
1653	25874.496
1654	23665.392
1655	24295.968
1656	26972.784
1657	24504.768
1658	24579.936
1659	23135.04
1660	25786.8
1661	24976.656
1662	26095.824
1663	25945.488
1664	26471.664
1665	21372.768
1666	24187.392
1667	25511.184
1668	25519.536
1669	24834.672
1670	26029.008
1671	23393.952
1672	25001.712
1673	23093.28
1674	21782.016
1675	25277.328
1676	23189.328
1677	23970.24
1678	23009.76
1679	25436.016
1680	25101.936
1681	20658.672
1682	19176.192
1683	21297.6
1684	20587.68
1685	23352.192
1686	23038.992
1687	23920.128
1688	24500.592
1689	23819.904
1690	22542.048
1691	13442.544
1692	12076.992
1693	20779.776
1694	21844.656
1695	22249.728
1696	22170.384
1697	19769.184
1698	20533.392
1699	17021.376
1700	19364.112
1701	17956.8
1702	20959.344
1703	19025.856
1704	19514.448
1705	21994.992
1706	22604.688
1707	18570.672
1708	19092.672
1709	18153.072
1710	18666.72
1711	20353.824
1712	19397.52
1713	18846.288
1714	18027.792
1715	16152.768
1716	18908.928
1717	17894.16
1718	16411.68
1719	18136.368
1720	14766.336
1721	17773.056
1722	17309.52
1723	14048.064
1724	15801.984
1725	6172.128
1726	13776.624
1727	9613.151997
1728	9663.263997
1729	9847.008
1730	13146.048
1731	15075.36
1732	15589.008
1733	14123.232
1734	13313.088
1735	14123.232
1736	13434.192
1737	11062.224
1738	12928.896
1739	6464.448
1740	11955.888
1741	10548.576
1742	12331.728
1743	12310.848
1744	10260.432
1745	4576.896
1746	7195.248
1747	8276.832
1748	8560.8
1749	10694.736
1750	6940.512
1751	6205.536
1752	9533.808
1753	10794.96
1754	10410.768
1755	10252.08
1756	8661.023997
1757	6067.728
1758	7683.84
1759	7688.016
1760	6585.552
1761	4013.136
1762	4802.4
1763	5637.6
1764	7295.472
1765	7525.152
1766	7040.736
1767	5207.472
1768	7562.736
1769	8180.784
1770	6685.776
1771	8869.824
1772	9178.848003
1773	8318.592
1774	4610.304
1775	5224.176
1776	4756.464
1777	7203.6
1778	4013.136
1779	3741.696
1780	4351.392
1781	3620.592
1782	4422.384
1783	5224.176
1784	4727.232
1785	5641.776
1786	6284.88
1787	6009.264
1788	5779.584
1789	5629.248
1790	4956.912
1791	5574.96
1792	5261.76
1793	6059.376
1794	5996.736
1795	4255.344
1796	3775.104
1797	2793.744
1798	3428.496
1799	5687.712
1800	6522.912
1801	5069.664
1802	4075.776
1803	3674.88
1804	1737.216
1805	2075.472
1806	2184.048
1807	5378.688
1808	4560.192
1809	2873.088
1810	3349.152
1811	4105.008
1812	4610.304
1813	5420.448
1814	2939.904
1815	2610
1816	1620.288
1817	2576.592
1818	3019.248
1819	4272.048
1820	3896.208
1821	2797.92
1822	4021.488
1823	1202.688
1824	4986.144
1825	3524.544
1826	4363.92
1827	5833.872
1828	5583.312
1829	7554.384
1830	4092.48
1831	2300.976
1832	6752.592
1833	3324.096
1834	5696.064
1835	3557.952
1836	5917.392
1837	3562.128
1838	3299.04
1839	4259.52
1840	4551.84
1841	3841.92
1842	2927.376
1843	4013.136
1844	4322.16
1845	5867.28
1846	4075.776
1847	3532.896
1848	2969.136
1849	6030.144
1850	4422.384
1851	6414.336
1852	4560.192
1853	9141.264003
1854	8502.336
1855	4627.008
1856	4029.84
1857	3750.048
1858	6760.944
1859	8970.048
1860	9066.096003
1861	5708.592
1862	6861.168
1863	8164.08
1864	8698.607997
1865	10243.728
1866	10105.92
1867	4518.432
1868	7729.776
1869	10498.464
1870	7955.28
1871	7863.408
1872	11742.912
1873	6577.2
1874	10999.584
1875	8431.344
1876	10540.224
1877	11195.856
1878	7541.856
1879	7374.816
1880	12695.04
1881	12561.408
1882	14783.04
1883	15417.792
1884	14870.736
1885	13421.664
1886	11951.712
1887	10941.12
1888	8590.032
1889	8878.176003
1890	13747.392
1891	11559.168
1892	8485.632
1893	7600.32
1894	9049.391997
1895	10778.256
1896	16708.176
1897	9788.543997
1898	16662.24
1899	9709.2
1900	7366.464
1901	12958.128
1902	8034.624
1903	13404.96
1904	16286.4
1905	11742.912
1906	9132.912
1907	15288.336
1908	11012.112
1909	6193.008
1910	8590.032
1911	12256.56
1912	15108.768
1913	9116.208003
1914	13768.272
1915	6627.312
1916	15426.144
1917	18478.8
1918	12026.88
1919	10577.808
1920	18265.824
1921	20692.08
1922	14686.992
1923	17334.576
1924	18236.592
1925	17672.832
1926	13693.104
1927	19506.096
1928	22162.032
1929	21631.68
1930	21193.2
1931	22596.336
1932	14223.456
1933	12837.024
1934	11897.424
1935	20316.24
1936	13342.32
1937	13100.112
1938	16691.472
1939	22617.216
1940	21017.808
1941	22191.264
1942	17898.336
1943	19280.592
1944	15735.168
1945	20186.784
1946	24592.464
1947	22575.456
1948	13793.328
1949	22103.568
1950	23080.752
1951	12202.272
1952	17986.032
1953	18340.992
1954	19117.728
1955	20913.408
1956	21276.72
1957	20742.192
1958	24613.344
1959	26559.36
1960	20257.776
1961	11897.424
1962	12031.056
1963	12406.896
1964	13375.728
1965	18203.184
1966	20888.352
1967	22554.576
1968	26672.112
1969	22805.136
1970	10836.72
1971	26012.304
1972	26784.864
1973	22107.744
1974	14244.336
1975	21431.232
1976	19539.504
1977	17793.936
1978	26108.352
1979	19468.512
1980	29048.256
1981	27177.408
1982	23573.52
1983	27382.032
1984	25623.936
1985	19535.328
1986	11108.16
1987	12548.88
1988	15793.632
1989	22980.528
1990	26718.048
1991	28075.248
1992	28288.224
1993	24588.288
1994	27131.472
1995	24688.512
1996	23331.312
1997	26074.944
1998	24617.52
1999	22358.304
2000	21414.528
2001	16628.832
2002	23210.208
2003	17672.832
2004	21126.384
2005	24425.424
2006	29140.128
2007	24425.424
2008	23920.128
2009	22934.592
2010	25561.296
2011	27649.296
2012	28651.536
2013	21097.152
2014	21886.416
2015	23460.768
2016	19564.56
2017	15071.184
2018	25749.216
2019	26100
2020	24646.752
2021	25836.912
2022	23201.856
2023	21159.792
2024	18654.192
2025	16871.04
2026	26095.824
2027	24049.584
2028	20675.376
2029	28346.688
2030	27949.968
2031	27874.8
2032	27123.12
2033	26091.648
2034	25707.456
2035	21815.424
2036	23473.296
2037	23895.072
2038	24003.648
2039	22897.008
2040	24634.224
2041	25035.12
2042	23719.68
2043	21447.936
2044	24429.6
2045	24584.112
2046	22537.872
2047	20654.496
2048	25561.296
2049	24463.008
2050	23986.944
2051	18274.176
2052	23339.664
2053	23803.2
2054	22734.144
2055	11266.848
2056	20896.704
2057	22604.688
2058	20274.48
2059	20529.216
2060	20938.464
2061	18336.816
2062	19998.864
2063	19075.968
2064	21990.816
2065	19739.952
2066	15864.624
2067	15029.424
2068	20859.12
2069	19230.48
2070	15330.096
2071	22045.104
2072	20295.36
2073	19944.576
2074	21222.432
2075	20675.376
2076	12235.68
2077	19159.488
2078	18783.648
2079	11884.896
2080	17530.848
2081	17234.352
2082	18850.464
2083	14862.384
2084	13551.12
2085	15827.04
2086	16595.424
2087	16971.264
2088	14094
2089	15313.392
2090	14173.344
2091	15785.28
2092	11467.296
2093	13563.648
2094	14716.224
2095	15814.512
2096	15923.088
2097	13384.08
2098	14081.472
2099	14741.28
2100	13475.952
2101	11041.344
2102	13739.04
2103	14628.528
2104	14586.768
2105	8573.328
2106	11212.56
2107	10005.696
2108	7729.776
2109	11183.328
2110	11446.416
2111	6213.888
2112	9976.463997
2113	7291.296
2114	9183.024
2115	8118.144
2116	6961.392
2117	6706.656
2118	7128.432
2119	8481.456
2120	12085.344
2121	12415.248
2122	13120.992
2123	7383.168
2124	6669.072
2125	5762.88
2126	12202.272
2127	12185.568
2128	12373.488
2129	8318.592
2130	7475.04
2131	9905.472003
2132	4806.576
2133	8531.568
2134	4510.08
2135	4284.576
2136	5658.48
2137	3019.248
2138	4414.032
2139	6489.504
2140	4054.896
2141	4727.232
2142	4330.512
2143	3624.768
2144	4447.44
2145	9003.456003
2146	7328.88
2147	5499.792
2148	5366.16
2149	2948.256
2150	4986.144
2151	7750.656
2152	5608.368
2153	5612.544
2154	5103.072
2155	3816.864
2156	2672.64
2157	2781.216
2158	3670.704
2159	3378.384
2160	2994.192
2161	3954.672
2162	6426.864
2163	6669.072
2164	2288.448
2165	5733.648
2166	6978.096
2167	3871.152
2168	4839.984
2169	7082.496
2170	7124.256
2171	3386.736
2172	3194.64
2173	3875.328
2174	3921.264
2175	3595.536
2176	2426.256
2177	2543.184
2178	3035.952
2179	2693.52
2180	4739.76
2181	3512.016
2182	4652.064
2183	7166.016
2184	6531.264
2185	6614.784
2186	5065.488
2187	5240.88
2188	4990.32
2189	6610.608
2190	7128.432
2191	7449.984
2192	7508.448
2193	4443.264
2194	6898.752
2195	4647.888
2196	3733.344
2197	6794.352
2198	3679.056
2199	5591.664
2200	6610.608
2201	7437.456
2202	6969.744
2203	8118.144
2204	4906.8
2205	3332.448
2206	7479.216
2207	4096.656
2208	8748.719997
2209	4961.088
2210	8147.376
2211	6973.92
2212	4802.4
2213	9387.647997
2214	9028.512003
2215	8786.303997
2216	9366.768003
2217	7211.952
2218	7959.456
2219	8122.32
2220	6238.944
2221	10168.56
2222	10302.192
2223	10673.856
2224	10615.392
2225	10774.08
2226	7437.456
2227	4188.528
2228	9366.768003
2229	10978.704
2230	9082.8
2231	9487.871997
2232	7299.648
2233	4447.44
2234	5499.792
2235	9671.616
2236	9487.871997
2237	11822.256
2238	8669.376
2239	10849.248
2240	11316.96
2241	9742.608003
2242	8113.968
2243	11617.632
2244	9316.656003
2245	12181.392
2246	9149.615997
2247	11087.28
2248	8251.776
2249	12853.728
2250	13183.632
2251	7905.168
2252	6005.088
2253	5562.432
2254	7086.672
2255	12064.464
2256	14712.048
2257	10118.448
2258	11220.912
2259	9671.616
2260	8686.079997
2261	7044.912
2262	5904.864
2263	6673.248
2264	12903.84
2265	13542.768
2266	11655.216
2267	14991.84
2268	12264.912
2269	14252.688
2270	16741.584
2271	14616
2272	13830.912
2273	12857.904
2274	15889.68
2275	10590.336
2276	13187.808
2277	10247.904
2278	16486.848
2279	17647.776
2280	8556.624
2281	7896.816
2282	8848.943997
2283	9642.384003
2284	16353.216
2285	17063.136
2286	15730.992
2287	14398.848
2288	12644.928
2289	18303.408
2290	13505.184
2291	19957.104
2292	19531.152
2293	16708.176
2294	21034.512
2295	22771.728
2296	23460.768
2297	22345.776
2298	19009.152
2299	12486.24
2300	16987.968
2301	22951.296
2302	13768.272
2303	14728.752
2304	22291.488
2305	14590.944
2306	10903.536
2307	14670.288
2308	12615.696
2309	21598.272
2310	23464.944
2311	23414.832
2312	23874.192
2313	25114.464
2314	18746.064
2315	16587.072
2316	10936.944
2317	25590.528
2318	27244.224
2319	25870.32
2320	16683.12
2321	27607.536
2322	22174.56
2323	16394.976
2324	21698.496
2325	14231.808
2326	19869.408
2327	24838.848
2328	25339.968
2329	22458.528
2330	25294.032
2331	26459.136
2332	25561.296
2333	25594.704
2334	16365.744
2335	21360.24
2336	21832.128
2337	24020.352
2338	14925.024
2339	19222.128
2340	24517.296
2341	26145.936
2342	24120.576
2343	28680.768
2344	27561.6
2345	28755.936
2346	26839.152
2347	24095.52
2348	23013.936
2349	23293.728
2350	26425.728
2351	27486.432
2352	27198.288
2353	25440.192
2354	25887.024
2355	28747.584
2356	25962.192
2357	25168.752
2358	28242.288
2359	27736.992
2360	21005.28
2361	18186.48
2362	27214.992
2363	26012.304
2364	23556.816
2365	11521.584
2366	15238.224
2367	25206.336
2368	20712.96
2369	18457.92
2370	27311.04
2371	18178.128
2372	27595.008
2373	26216.928
2374	26317.152
2375	25623.936
2376	20554.272
2377	27223.344
2378	25289.856
2379	25740.864
2380	24968.304
2381	25106.112
2382	26567.712
2383	24742.8
2384	20733.84
2385	21481.344
2386	24103.872
2387	21677.616
2388	24220.8
2389	25448.544
2390	21368.592
2391	13734.864
2392	22813.488
2393	26271.216
2394	27398.736
2395	25298.208
2396	21698.496
2397	18295.056
2398	24559.056
2399	19881.936
2400	26183.52
2401	27144
2402	24742.8
2403	24400.368
2404	23231.088
2405	23414.832
2406	25202.16
2407	25377.552
2408	23999.472
2409	23899.248
2410	23022.288
2411	23970.24
2412	23435.712
2413	21406.176
2414	23569.344
2415	21301.776
2416	17956.8
2417	18712.656
2418	23485.824
2419	24362.784
2420	23966.064
2421	22362.48
2422	21076.272
2423	23498.352
2424	19552.032
2425	18950.688
2426	20796.48
2427	20976.048
2428	22195.44
2429	19752.48
2430	21773.664
2431	22592.16
2432	19464.336
2433	15363.504
2434	16528.608
2435	16315.632
2436	14695.344
2437	16670.592
2438	15300.864
2439	11028.816
2440	14732.928
2441	20629.44
2442	19731.6
2443	20136.672
2444	17125.776
2445	10222.848
2446	17129.952
2447	18052.848
2448	15639.12
2449	15526.368
2450	18399.456
2451	15739.344
2452	17860.752
2453	16365.744
2454	11007.936
2455	14565.888
2456	13392.432
2457	12870.432
2458	11509.056
2459	7299.648
2460	14340.384
2461	12857.904
2462	7921.872
2463	9466.992003
2464	14565.888
2465	16762.464
2466	15183.936
2467	7145.136
2468	13225.392
2469	12720.096
2470	11037.168
2471	8381.232
2472	12511.296
2473	13141.872
2474	12164.688
2475	7671.312
2476	8084.736
2477	7988.688
2478	12147.984
2479	12757.68
2480	8368.704
2481	13538.592
2482	12632.4
2483	10302.192
2484	7253.712
2485	8088.912
2486	5691.888
2487	9066.096003
2488	10039.104
2489	11676.096
2490	7792.416
2491	5165.712
2492	6101.136
2493	8210.016
2494	7220.304
2495	6059.376
2496	6418.512
2497	9750.959997
2498	5491.44
2499	5441.328
2500	4414.032
2501	3574.656
2502	8301.888
2503	7900.992
2504	9550.511997
2505	9375.119997
2506	9487.871997
2507	8677.728003
2508	6923.808
2509	8210.016
2510	8878.176003
2511	9061.919997
2512	9137.087997
2513	9262.367997
2514	8155.728
2515	5082.192
2516	5658.48
2517	7115.904
2518	4919.328
2519	4677.12
2520	3537.072
2521	6259.824
2522	7767.36
2523	5103.072
2524	6894.576
2525	5691.888
2526	5207.472
2527	4865.04
2528	6623.136
2529	7032.384
2530	6777.648
2531	5466.384
2532	3202.992
2533	2635.056
2534	4054.896
2535	2864.736
2536	3637.296
2537	2902.32
2538	3950.496
2539	4647.888
2540	3086.064
2541	4343.04
2542	4969.44
2543	5328.576
2544	3015.072
2545	2722.752
2546	5478.912
2547	3015.072
2548	3461.904
2549	3478.608
2550	2831.328
2551	3378.384
2552	5341.104
2553	4221.936
2554	2384.496
2555	3061.008
2556	3687.408
2557	2067.12
2558	2146.464
2559	6351.696
2560	5633.424
2561	3754.224
2562	3048.48
2563	3219.696
2564	4601.952
2565	2764.512
2566	2292.624
2567	2518.128
2568	2584.944
2569	3157.056
2570	4915.152
2571	3724.992
2572	4581.072
2573	5132.304
2574	4514.256
2575	5775.408
2576	4501.728
2577	4773.168
2578	5666.832
2579	5224.176
2580	5762.88
2581	4735.584
2582	5650.128
2583	5904.864
2584	3929.616
2585	6890.4
2586	5503.968
2587	6882.048
2588	7090.848
2589	8865.648003
2590	7604.496
2591	8389.584
2592	8331.12
2593	9124.559997
2594	5721.12
2595	7090.848
2596	5767.056
2597	8661.023997
2598	9663.263997
2599	10185.264
2600	10206.144
2601	7441.632
2602	7926.048
2603	6109.488
2604	5328.576
2605	5904.864
2606	8164.08
2607	7750.656
2608	5032.08
2609	8139.024
2610	7729.776
2611	8301.888
2612	5533.2
2613	9479.520003
2614	7629.552
2615	11855.664
2616	13818.384
2617	10465.056
2618	8936.639997
2619	15271.632
2620	12018.528
2621	7804.944
2622	7955.28
2623	7228.656
2624	10435.824
2625	13409.136
2626	10978.704
2627	12962.304
2628	14958.432
2629	11200.032
2630	16023.312
2631	16445.088
2632	16695.648
2633	14244.336
2634	11174.976
2635	15292.512
2636	10723.968
2637	13455.072
2638	14716.224
2639	14482.368
2640	14198.4
2641	16954.56
2642	19552.032
2643	19034.208
2644	9646.56
2645	13004.064
2646	9274.895997
2647	13125.168
2648	18979.92
2649	17159.184
2650	19376.64
2651	17434.8
2652	19556.208
2653	18474.624
2654	15163.056
2655	14887.44
2656	17973.504
2657	15952.32
2658	18015.264
2659	18599.904
2660	12031.056
2661	11776.32
2662	10836.72
2663	15877.152
2664	20733.84
2665	20525.04
2666	17422.272
2667	17831.52
2668	22366.656
2669	19664.784
2670	19297.296
2671	14139.936
2672	16148.592
2673	22780.08
2674	24471.36
2675	25385.904
2676	23189.328
2677	16453.44
