1	3.9
2	3.7
3	3
4	0.8
5	0.9
6	2.8
7	1.6
8	2.1
9	2.8
10	-0.4
11	3.4
12	3.7
13	4
14	1.7
15	3.1
16	5
17	6.9
18	7.8
19	9.9
20	8.9
21	6.9
22	7.7
23	7.3
24	7.5
25	7.7
26	7.5
27	6.3
28	6.6
29	7.6
30	5.6
31	6
32	5.6
33	9
34	3.9
35	5.2
36	5.4
37	5.6
38	4.3
39	6.8
40	4.7
41	5
42	6.5
43	7.6
44	7.5
45	8.2
46	5.9
47	6.4
48	3.4
49	5.2
50	6.8
51	5.6
52	4.1
53	4.8
54	5.2
55	5.2
56	5.3
57	6
58	4.1
59	5.2
60	7.7
61	8.6
62	7.4
63	8.9
64	10.2
65	7.9
66	11.3
67	10.2
68	11.9
69	11.1
70	9.5
71	10.3
72	9.3
73	10.2
74	9.6
75	9.8
76	8.8
77	8.2
78	7.1
79	7
80	8.1
81	7
82	5.3
83	6.9
84	8.2
85	8.9
86	10.2
87	12.8
88	11.1
89	9.1
90	9.9
91	9.3
92	8.2
93	8.8
94	10.9
95	12.9
96	13.6
97	11.8
98	10.6
99	11.9
100	7.5
101	9
102	9.7
103	12.3
104	13.1
105	12.7
106	13.5
107	13.2
108	13.5
109	13.8
110	16.2
111	17
112	16.9
113	16.3
114	15.9
115	17.1
116	13.7
117	11.3
118	12
119	14.3
120	15.7
121	16.8
122	16.2
123	15.9
124	13.9
125	13.7
126	13.7
127	13.3
128	14.4
129	15.1
130	15.7
131	13.5
132	15.2
133	16.4
134	19.5
135	19
136	19.3
137	19.2
138	20.9
139	23
140	23.9
141	22.9
142	20.8
143	19.2
144	16.6
145	17.3
146	16
147	17
148	17.3
149	17.2
150	18.3
151	18.8
152	18.3
153	17.1
154	16.5
155	15.4
156	15.2
157	15
158	15.9
159	19.6
160	16.8
161	18.3
162	17.8
163	17.2
164	21
165	22.2
166	22.7
167	20.9
168	20.5
169	18.9
170	18.3
171	20.1
172	21.3
173	21.5
174	22.5
175	22.1
176	23.8
177	25.4
178	25.9
179	24.5
180	24.6
181	20.5
182	20.3
183	20.7
184	24
185	22.5
186	20.4
187	22.9
188	24.3
189	25.8
190	25.6
191	25.9
192	25.6
193	24.1
194	24.9
195	25.7
196	27.3
197	26.6
198	26.7
199	26.4
200	25.2
201	24.5
202	25.1
203	23.9
204	25
205	25.3
206	24.5
207	22.6
208	22.4
209	23.2
210	24
211	24.6
212	25.4
213	25.8
214	26.7
215	26.5
216	26.3
217	25.4
218	25
219	25.4
220	24.9
221	24.7
222	25.5
223	24.3
224	21.7
225	22.8
226	24.6
227	25.1
228	25.2
229	25
230	23.6
231	23.2
232	23
233	23.1
234	23
235	19.9
236	20.1
237	19.6
238	20
239	22.3
240	20.4
241	20.5
242	21.1
243	21.7
244	22.4
245	21.9
246	19.8
247	21.1
248	22.4
249	21.8
250	20.6
251	20.9
252	21
253	20.9
254	20.7
255	20.4
256	19.2
257	18.9
258	22
259	24.7
260	24.6
261	24.3
262	23.2
263	22.3
264	21.3
265	21
266	20.7
267	20.7
268	20.3
269	18.5
270	22.3
271	21.7
272	21.8
273	22
274	21.5
275	19.2
276	19.7
277	20
278	17.2
279	16.4
280	16
281	17.6
282	17.6
283	12.9
284	11.1
285	10.1
286	10.6
287	10.8
288	10.2
289	12.3
290	11.7
291	10.9
292	11.9
293	12.2
294	12.2
295	10.8
296	11.5
297	11.8
298	11.9
299	11.2
300	11.5
301	13
302	12.8
303	12.1
304	11
305	13.3
306	13.6
307	15.3
308	13.3
309	12
310	11.7
311	11
312	11.3
313	9.6
314	9
315	9
316	9.2
317	9.4
318	10.1
319	7.3
320	6.3
321	8.9
322	9.3
323	7.2
324	7.8
325	7.4
326	5.1
327	2.3
328	1.5
329	0.7
330	-0.4
331	3.9
332	6.3
333	4.4
334	8.2
335	7.6
336	7
337	5.6
338	5.2
339	4.9
340	2.6
341	5.1
342	5.7
343	4.6
344	4.4
345	6.8
346	6.3
347	6.1
348	5.5
349	6.2
350	7
351	8.6
352	6.9
353	5
354	2.5
355	2.2
356	0.5
357	-0.8
358	-0.4
359	1.5
360	2.7
361	1.1
362	1.5
363	1.1
364	1
365	1.5
366	3.4
367	4.1
368	5.4
369	5.8
370	4.4
371	5.5
372	3.9
373	4.1
374	2
375	1.9
376	2
377	3.1
378	4.2
379	2.6
380	6.6
381	4.3
382	0
383	1.2
384	-0.6
385	1.4
386	2
387	3.1
388	2.3
389	2.8
390	3.2
391	1.4
392	-0.4
393	-1
394	-0.8
395	1.4
396	2.9
397	3.3
398	5.6
399	6
400	3.4
401	6.1
402	7
403	5.3
404	2.4
405	1
406	4.4
407	4.2
408	3.6
409	1.9
410	3
411	5.7
412	8.1
413	8.6
414	7
415	6.9
416	7.3
417	7.4
418	7.1
419	8.1
420	8.1
421	8.1
422	8.9
423	9.6
424	10.2
425	9.5
426	7.9
427	7.6
428	6.9
429	4.2
430	1.7
431	0.5
432	-0.9
433	1.4
434	2.2
435	0.4
436	1.1
437	4.3
438	5.5
439	8.7
440	8.8
441	10.1
442	10.3
443	10.7
444	9.3
445	6.7
446	5.1
447	5
448	7.6
449	7.7
450	10.2
451	11.3
452	11.2
453	10.9
454	12.1
455	14
456	14
457	13.9
458	14.6
459	12.6
460	14.4
461	14.2
462	13.4
463	9.8
464	8.7
465	8.8
466	7.8
467	10.9
468	11.2
469	11.6
470	11.7
471	12.6
472	13.8
473	15.1
474	14.2
475	15.1
476	16.5
477	15.5
478	14.2
479	10.4
480	8.8
481	8
482	12
483	11.7
484	8.7
485	8.9
486	10.1
487	12.2
488	14.6
489	16.2
490	16.8
491	18.6
492	20.1
493	20.8
494	17.9
495	16.5
496	16.9
497	18.8
498	17
499	15.3
500	15.4
501	17.8
502	18.8
503	20.2
504	20.7
505	19.6
506	19
507	15.8
508	15
509	16.2
510	17.7
511	17.7
512	15.7
513	15.4
514	17.5
515	19.5
516	21.6
517	20.9
518	18.1
519	16.3
520	16.7
521	15.4
522	17.8
523	19.3
524	20.7
525	22.6
526	22.2
527	22.7
528	22.9
529	23.5
530	24.4
531	24.3
532	24.5
533	18.7
534	19.3
535	21.6
536	22.3
537	23.8
538	24.9
539	25
540	24
541	23.2
542	23.5
543	22.7
544	23.6
545	23.7
546	25.1
547	25.6
548	25
549	25.1
550	26.1
551	26.3
552	26.2
553	21.4
554	23.2
555	25.2
556	25.7
557	26.4
558	24.8
559	23.1
560	25.2
561	25.8
562	26.7
563	27.4
564	26.3
565	24.7
566	23.1
567	24
568	21
569	17
570	21.5
571	20.7
572	18.3
573	18.8
574	21
575	23.1
576	22.9
577	22.3
578	20.8
579	20.3
580	19.9
581	21
582	20.4
583	20.8
584	22
585	22.2
586	22.4
587	19.8
588	20.4
589	21.2
590	21.3
591	20.9
592	19.5
593	19.3
594	20.1
595	17.9
596	17.5
597	19.3
598	19.1
599	19.2
600	18.1
601	18.9
602	19.4
603	19.6
604	20.1
605	20.6
606	21.6
607	21
608	20.5
609	16.8
610	18.8
611	17.4
612	13.5
613	15.8
614	16.2
615	16.8
616	16.7
617	17.1
618	15.6
619	15
620	16.6
621	18.6
622	18.4
623	17.5
624	15.8
625	15.7
626	16
627	16.8
628	17.3
629	16.1
630	16
631	15.9
632	16.4
633	17.5
634	18.8
635	21.1
636	20.5
637	20.1
638	19.4
639	18.4
640	19.7
641	18.9
642	17.8
643	16.1
644	16.1
645	16.5
646	16.8
647	17.1
648	15.5
649	15.7
650	18.3
651	14.4
652	14.3
653	14.1
654	12.7
655	12.5
656	12.3
657	11.2
658	12.1
659	12.2
660	11.3
661	9.6
662	10
663	13.8
664	14.5
665	13
666	12.9
667	13.4
668	13.9
669	13.2
670	12.2
671	12.2
672	11.7
673	10.9
674	12
675	13.3
676	11.7
677	9.6
678	11
679	10.3
680	12.7
681	8.7
682	10.8
683	11.1
684	11.2
685	9.5
686	7.7
687	7.7
688	7.6
689	6.6
690	7.2
691	8.6
692	6.8
693	4.7
694	6
695	5.5
696	5.1
697	4.5
698	5.7
699	7.2
700	9.8
701	6.8
702	5.5
703	4.6
704	4.9
705	4.9
706	6.3
707	6.8
708	5.6
709	6.5
710	3.1
711	1.7
712	1.8
713	0.1
714	2.3
715	3
716	4.2
717	5.8
718	7.8
719	8
720	8.2
721	8.7
722	6.6
723	2.8
724	1.8
725	4
726	2
727	-1.4
728	1.8
729	-0.3
730	-0.6
731	2.8
732	4.7
733	5.6
734	6.9
735	7.6
736	7.1
737	7.9
738	6.1
739	3.8
740	4.6
741	8.4
742	8.1
743	3.7
744	1.8
745	3.7
746	1.3
747	2.5
748	0.7
749	-0.8
750	1.8
751	3.8
752	4.6
753	5.1
754	7.4
755	5
756	7.8
757	7.3
758	5.5
759	7.1
760	6.6
761	5.3
762	7.1
763	5.4
764	4.2
765	4.1
766	6.7
767	8.1
768	6.9
769	6.9
770	6.9
771	8
772	7.8
773	8.7
774	7.2
775	7.3
776	5.3
777	5.3
778	5
779	6.7
780	7.7
781	9.5
782	11.1
783	8.8
784	11
785	10.2
786	10.6
787	10.1
788	8.4
789	6.1
790	6.7
791	6.2
792	6.8
793	8.9
794	10.4
795	6.8
796	10.5
797	11.3
798	11.1
799	10.6
800	10.6
801	13
802	11.4
803	11.5
804	11.5
805	11.6
806	11.4
807	10.2
808	10.1
809	10.1
810	12
811	14.4
812	14.5
813	12.2
814	14.4
815	15.4
816	14.4
817	13.8
818	9.4
819	5
820	5.8
821	9.4
822	10.1
823	11
824	12
825	9.6
826	8.7
827	11.4
828	11.8
829	7.1
830	6
831	7.6
832	8
833	9.9
834	10.2
835	9
836	9.3
837	9.9
838	11.4
839	11.8
840	12.9
841	12.2
842	13.7
843	15.6
844	16.7
845	16.3
846	15.1
847	15.1
848	17.9
849	17.9
850	17.1
851	15.6
852	17.4
853	14.7
854	17.1
855	14.3
856	13.5
857	13.1
858	12.7
859	11.8
860	14
861	15.9
862	16.6
863	15.8
864	16.2
865	16.1
866	15.9
867	16.9
868	17.4
869	18.7
870	18.5
871	17.8
872	19.4
873	20.4
874	20.4
875	20.5
876	21.4
877	16.1
878	15.6
879	16.7
880	18.6
881	18
882	16.9
883	15.9
884	16.5
885	18
886	19.1
887	18.6
888	19.3
889	20
890	21.7
891	23
892	22.6
893	23.5
894	24.9
895	21.3
896	18.6
897	20.7
898	22.8
899	23.6
900	22.3
901	22.8
902	21
903	20.3
904	20.9
905	20.5
906	20.5
907	18.8
908	20.4
909	20.9
910	20.9
911	20.9
912	21.1
913	22.4
914	23.7
915	24.7
916	24.4
917	24.1
918	26.1
919	24
920	23.3
921	23.6
922	25.1
923	25.9
924	27.1
925	25.5
926	25.9
927	23.9
928	23.3
929	22.6
930	24
931	24.8
932	23.8
933	20.7
934	21.2
935	22.8
936	23.4
937	23.1
938	20.3
939	21.3
940	21.9
941	23.1
942	20.9
943	21.5
944	21.5
945	21.5
946	22.6
947	22.1
948	23.4
949	24.4
950	24.2
951	23.3
952	22.7
953	22
954	22.2
955	21.5
956	22.2
957	23.8
958	23.9
959	25.3
960	25.5
961	23.2
962	21.5
963	19.7
964	19.1
965	18.3
966	19.1
967	20.1
968	20.8
969	19.4
970	19.7
971	22.2
972	21.8
973	22.1
974	22.3
975	21.3
976	22.8
977	23.1
978	21.3
979	21.9
980	22.4
981	22.9
982	22.5
983	18.7
984	19.4
985	20.8
986	20.6
987	18.4
988	18.1
989	20.3
990	15.3
991	12.2
992	12.6
993	14
994	13.7
995	12.1
996	14.9
997	14.2
998	15
999	15.7
1000	15.7
1001	13.2
1002	12.9
1003	14
1004	17.5
1005	16.9
1006	14.4
1007	13.5
1008	14.8
1009	17.5
1010	20.6
1011	17.8
1012	18.1
1013	16.3
1014	15.3
1015	17.6
1016	16.5
1017	16.1
1018	15.4
1019	14.5
1020	13.5
1021	13.1
1022	13.6
1023	12.9
1024	14.6
1025	14.6
1026	15.1
1027	16.7
1028	15.9
1029	18
1030	15.4
1031	14.4
1032	15.7
1033	15.3
1034	13.7
1035	12.2
1036	12.8
1037	11.5
1038	13.3
1039	14.8
1040	13.3
1041	13.3
1042	12.7
1043	11.1
1044	11.6
1045	11.3
1046	10.1
1047	11.3
1048	10.1
1049	8.5
1050	9
1051	6.7
1052	6
1053	5.3
1054	3.7
1055	7.1
1056	6.2
1057	4.9
1058	2.8
1059	3.3
1060	4.3
1061	5.4
1062	2.4
1063	3.5
1064	3.2
1065	3.2
1066	2.8
1067	-0.3
1068	1.3
1069	-3.2
1070	-0.3
1071	1
1072	5.3
1073	7.9
1074	6.9
1075	7.8
1076	5
1077	4.6
1078	6.4
1079	4.7
1080	3.1
1081	1.8
1082	0.1
1083	-1.1
1084	-1.3
1085	0.4
1086	2.1
1087	2.8
1088	4.9
1089	6.8
1090	4.2
1091	1.9
1092	6.4
1093	5.6
1094	2.4
1095	3.1
1096	3.4
1097	2.7
1098	4.1
1099	4.6
1100	2.6
1101	0
1102	0.1
1103	0.5
1104	0.6
1105	0.2
1106	3
1107	6
1108	8.8
1109	10.1
1110	8.1
1111	6.3
1112	4.2
1113	2.7
1114	3.7
1115	3.9
1116	3.5
1117	4.5
1118	3.9
1119	1.6
1120	6.7
1121	2.8
1122	3.5
1123	3.5
1124	5.2
1125	3
1126	0.7
1127	-0.2
1128	1.9
1129	0.4
1130	2
1131	1.7
1132	2.2
1133	2.5
1134	2.9
1135	2.4
1136	0.7
1137	4
1138	5.3
1139	3.3
1140	1.5
1141	1.6
1142	-0.7
1143	2.2
1144	4.4
1145	2.6
1146	3.4
1147	3.4
1148	4.1
1149	5.2
1150	5.6
1151	5.9
1152	7.4
1153	9.9
1154	8.3
1155	9.4
1156	8.6
1157	8.9
1158	8.6
1159	10
1160	10
1161	9.9
1162	8.9
1163	10.7
1164	10.2
1165	9
1166	10
1167	8.8
1168	8.2
1169	9.9
1170	9.4
1171	11
1172	7.7
1173	6.8
1174	7
1175	10.7
1176	9.1
1177	4.6
1178	5.9
1179	8.6
1180	9.6
1181	8.2
1182	10.5
1183	10.6
1184	10.2
1185	12.2
1186	11.2
1187	11.4
1188	11.5
1189	13.3
1190	11.4
1191	10.1
1192	8.3
1193	8.5
1194	11.6
1195	12
1196	12.4
1197	11.8
1198	8.6
1199	10.2
1200	7.9
1201	9.8
1202	6.3
1203	8.2
1204	9.8
1205	11.9
1206	11.9
1207	12.9
1208	12.7
1209	12.6
1210	11.7
1211	13.5
1212	12.8
1213	14
1214	13.9
1215	14.3
1216	15.4
1217	15.8
1218	15.7
1219	16.4
1220	14
1221	14.1
1222	14.3
1223	15.5
1224	17.1
1225	14.5
1226	14.2
1227	9.7
1228	8.6
1229	11.9
1230	13.4
1231	14
1232	13.7
1233	16.2
1234	15.4
1235	17.4
1236	15.5
1237	17.7
1238	15
1239	15.3
1240	17.4
1241	17.9
1242	16.6
1243	17.3
1244	18.7
1245	18.5
1246	18
1247	18.7
1248	20.3
1249	21.9
1250	22.2
1251	22.1
1252	22.4
1253	22.5
1254	20.9
1255	22.8
1256	21.8
1257	23.2
1258	22.1
1259	16.6
1260	15.5
1261	17
1262	17.5
1263	16.1
1264	16.7
1265	18
1266	19.8
1267	20.3
1268	20.1
1269	20.7
1270	19.9
1271	17.8
1272	17.1
1273	17.2
1274	17.7
1275	17.8
1276	19.8
1277	20.3
1278	20.2
1279	21.2
1280	20.8
1281	20.1
1282	18.3
1283	17.7
1284	17.8
1285	19.6
1286	20
1287	22.3
1288	23.1
1289	24.7
1290	25.4
1291	23.6
1292	23.4
1293	25.2
1294	25.2
1295	21.9
1296	22.4
1297	21.7
1298	20.1
1299	19.9
1300	20.7
1301	22.6
1302	23.1
1303	22.2
1304	23.7
1305	23.9
1306	24.9
1307	22.6
1308	24.1
1309	24.2
1310	25.1
1311	24.6
1312	24.4
1313	24.7
1314	26.1
1315	20.4
1316	19.3
1317	18.8
1318	18.8
1319	20.5
1320	19.6
1321	19.4
1322	20
1323	21.5
1324	20.9
1325	21.1
1326	21.7
1327	22
1328	22.6
1329	22.9
1330	22.9
1331	23.1
1332	23
1333	23.7
1334	19
1335	21.3
1336	20.3
1337	20
1338	17.3
1339	16.6
1340	17.6
1341	19.1
1342	19.7
1343	20.3
1344	21.5
1345	18.4
1346	19.6
1347	21.5
1348	21.4
1349	21.6
1350	19.2
1351	17.2
1352	17
1353	19.2
1354	20.1
1355	20.6
1356	20.6
1357	20.3
1358	17.8
1359	15.3
1360	16.6
1361	19
1362	19
1363	20.2
1364	19.8
1365	18.5
1366	15
1367	15.3
1368	17.3
1369	12.6
1370	11.1
1371	13.4
1372	15.5
1373	13.9
1374	13.3
1375	15.3
1376	16.3
1377	16.2
1378	15.6
1379	15.6
1380	15.9
1381	14.8
1382	15.2
1383	14.5
1384	14.7
1385	13.3
1386	15
1387	15.3
1388	13.1
1389	12.9
1390	11.9
1391	11.9
1392	11.3
1393	11.4
1394	11
1395	9.8
1396	8.7
1397	9
1398	10.1
1399	10
1400	7.7
1401	7.6
1402	8.2
1403	8.5
1404	7
1405	5.9
1406	4.4
1407	3.8
1408	4.5
1409	4.8
1410	5.6
1411	5.8
1412	5.4
1413	5.7
1414	7
1415	6.1
1416	7.1
1417	5.1
1418	4.9
1419	2.8
1420	3.6
1421	4.1
1422	4.3
1423	5.2
1424	2.7
1425	6.1
1426	4.7
1427	2.4
1428	2.9
1429	2.7
1430	2.4
1431	2
1432	-1.5
1433	0.5
1434	2.3
1435	0.2
1436	-3.9
1437	-4.1
1438	-0.4
1439	-2.3
1440	-0.5
1441	2.2
1442	4.8
1443	4
1444	2.4
1445	4
1446	4.7
1447	4.6
1448	1.5
1449	0.9
1450	1.7
1451	3.6
1452	5.1
1453	3.5
1454	6.2
1455	4.3
1456	2.8
1457	4.2
1458	5.2
1459	6.7
1460	6.4
1461	5.7
1462	-3.7
1463	-3.5
1464	-5.8
1465	-4.5
1466	-1.5
1467	-3
1468	-4.9
1469	0.1
1470	-1.7
1471	1.6
1472	-0.7
1473	-0.8
1474	-0.7
1475	-1.4
1476	-2.4
1477	-3.8
1478	-2.9
1479	-2.8
1480	0.3
1481	1.1
1482	2.2
1483	3.4
1484	3.4
1485	3.4
1486	1.3
1487	3.3
1488	6.3
1489	5.8
1490	2.2
1491	5.3
1492	2.9
1493	3.9
1494	5.5
1495	3.8
1496	5.7
1497	5.5
1498	5.4
1499	4.5
1500	4.5
1501	5.2
1502	6.5
1503	8.2
1504	7.8
1505	7.1
1506	6.2
1507	7.5
1508	8
1509	6.3
1510	4.8
1511	5.6
1512	3.2
1513	2.7
1514	2
1515	4.7
1516	3.8
1517	3.1
1518	1.7
1519	0.6
1520	2.6
1521	6
1522	7.6
1523	8.1
1524	8.7
1525	9.4
1526	9.3
1527	10.2
1528	6.8
1529	8.4
1530	7.8
1531	8.9
1532	9.8
1533	12.2
1534	11.2
1535	10.9
1536	9.5
1537	9.1
1538	10
1539	11.2
1540	9.7
1541	9.6
1542	9.2
1543	10.7
1544	9.3
1545	10.2
1546	11.7
1547	10
1548	7.1
1549	7.9
1550	8.6
1551	9.7
1552	9.6
1553	9.2
1554	10.3
1555	5.7
1556	7.2
1557	10.5
1558	10.4
1559	10.5
1560	11.5
1561	12
1562	12.6
1563	13.7
1564	12.7
1565	14
1566	13
1567	11.5
1568	13.1
1569	8.6
1570	8.5
1571	11.2
1572	12
1573	11.5
1574	12.5
1575	11.7
1576	9.8
1577	11.2
1578	11.7
1579	11.8
1580	12.6
1581	14.2
1582	15.8
1583	10.4
1584	8.9
1585	10.6
1586	11.4
1587	11.5
1588	12.8
1589	14.1
1590	16.3
1591	17.3
1592	18.3
1593	17.2
1594	16.8
1595	16.9
1596	17.1
1597	17.7
1598	19.3
1599	19.6
1600	21
1601	17.3
1602	18.3
1603	20
1604	19.8
1605	19
1606	19.5
1607	19.6
1608	20.2
1609	22.3
1610	23.5
1611	23.5
1612	24.2
1613	22.8
1614	24.2
1615	24.8
1616	24.2
1617	21.9
1618	20.9
1619	21.5
1620	22.6
1621	23.6
1622	24.1
1623	24.4
1624	23.7
1625	21.5
1626	19.8
1627	13.5
1628	15.7
1629	17.8
1630	15.6
1631	17.6
1632	20.2
1633	21.7
1634	23
1635	23.9
1636	24.4
1637	24.6
1638	25.2
1639	25.5
1640	24.9
1641	25.3
1642	21
1643	17.2
1644	16.5
1645	17.5
1646	19.1
1647	21.3
1648	22.7
1649	22.6
1650	21
1651	21.6
1652	21.4
1653	23.1
1654	24.4
1655	23.8
1656	23.9
1657	23.3
1658	23.5
1659	23.2
1660	24.8
1661	24.8
1662	24.9
1663	24.3
1664	21.4
1665	21.2
1666	21.8
1667	23.2
1668	25.3
1669	25.1
1670	24.9
1671	25.3
1672	26
1673	25.9
1674	26.3
1675	26
1676	26.2
1677	24.5
1678	24.4
1679	25.2
1680	23.9
1681	23.4
1682	23.1
1683	20.7
1684	20.4
1685	22.2
1686	22.4
1687	23.7
1688	24
1689	23.3
1690	17.5
1691	16.8
1692	19.9
1693	20.9
1694	21
1695	21.5
1696	18.4
1697	17.7
1698	16.9
1699	18.8
1700	18.2
1701	17.8
1702	18
1703	18.8
1704	19.4
1705	19.4
1706	19.1
1707	20.2
1708	18.8
1709	18.8
1710	19.5
1711	20.3
1712	20.7
1713	19.9
1714	21
1715	21.1
1716	21.5
1717	21.1
1718	20.1
1719	16.8
1720	15.8
1721	16.5
1722	18.8
1723	18.7
1724	17.1
1725	19.1
1726	16.7
1727	14.6
1728	13.6
1729	15.2
1730	15.8
1731	16.1
1732	17.6
1733	17.5
1734	16.7
1735	16.1
1736	13.5
1737	12.7
1738	14.4
1739	15.4
1740	14.4
1741	14.3
1742	13.7
1743	14.1
1744	14.6
1745	16.3
1746	17.8
1747	17.6
1748	19.4
1749	16.1
1750	16.9
1751	16.5
1752	14.6
1753	13.2
1754	12.4
1755	13
1756	11.2
1757	10.4
1758	8.8
1759	5.9
1760	6.5
1761	9
1762	11.4
1763	12
1764	10.5
1765	9.6
1766	7.9
1767	9.2
1768	7
1769	4.5
1770	6.3
1771	8.9
1772	9.1
1773	9.2
1774	9.6
1775	7.8
1776	5.7
1777	4.3
1778	6.2
1779	6.2
1780	5.7
1781	7.8
1782	8.3
1783	10.1
1784	8.5
1785	6.8
1786	6.3
1787	4.9
1788	3.5
1789	2.5
1790	1.6
1791	6.2
1792	6.1
1793	6.2
1794	2.3
1795	3.1
1796	2.9
1797	2.8
1798	4.9
1799	7.9
1800	6.3
1801	4.8
1802	5.4
1803	6.5
1804	6.2
1805	7.4
1806	9.2
1807	3.9
1808	3.2
1809	1.8
1810	5.7
1811	3.6
1812	4.6
1813	1.5
1814	2.4
1815	3.3
1816	6.1
1817	6.1
1818	3
1819	1.7
1820	3.5
1821	5.3
1822	3.9
1823	4.4
1824	1.1
1825	2.9
1826	3
1827	3.2
1828	1.8
1829	-0.4
1830	1.9
1831	4.2
1832	0.3
1833	0.6
1834	1
1835	4.1
1836	2.5
1837	0.9
1838	2.4
1839	0.9
1840	4.9
1841	6.6
1842	5.9
1843	6.6
1844	5.7
1845	5.8
1846	6
1847	5.8
1848	8.3
1849	9
1850	9.2
1851	5.8
1852	4.6
1853	3.3
1854	5.2
1855	5.7
1856	6.5
1857	7
1858	5.7
1859	8
1860	8.4
1861	9.6
1862	8.2
1863	9.5
1864	8.5
1865	7.4
1866	6.3
1867	9.1
1868	8.3
1869	5.3
1870	7
1871	5.4
1872	3.5
1873	6.8
1874	6
1875	5.8
1876	5
1877	4.7
1878	6.5
1879	6.6
1880	6.9
1881	6
1882	6.8
1883	6.9
1884	5.5
1885	6.4
1886	6.4
1887	9.5
1888	7.3
1889	8.3
1890	9.7
1891	7.9
1892	7.4
1893	8.6
1894	7.7
1895	7.7
1896	8.4
1897	7.8
1898	7.8
1899	9
1900	8.7
1901	9.4
1902	8.1
1903	8.3
1904	8.8
1905	9.7
1906	8
1907	8.5
1908	9.3
1909	10.1
1910	11.3
1911	10.6
1912	11.4
1913	10.8
1914	13.3
1915	12.5
1916	12.1
1917	12.3
1918	11
1919	8.8
1920	9.2
1921	8.6
1922	10.3
1923	11
1924	9.3
1925	9.2
1926	8.5
1927	10.7
1928	11
1929	10.5
1930	11.1
1931	12.4
1932	13.2
1933	14.1
1934	14.2
1935	10.6
1936	9.8
1937	10.2
1938	11
1939	10.2
1940	10.6
1941	11.8
1942	10.9
1943	10
1944	11
1945	12.2
1946	14.8
1947	16
1948	14.5
1949	13.4
1950	14
1951	14.5
1952	15.6
1953	15.1
1954	15.6
1955	15.7
1956	16.6
1957	16.7
1958	16.5
1959	14.7
1960	12.9
1961	11.7
1962	11.7
1963	13.7
1964	14.7
1965	14.6
1966	15.2
1967	15.2
1968	12.8
1969	15
1970	16.3
1971	16.5
1972	16.4
1973	16.6
1974	15.7
1975	13.9
1976	15.7
1977	16.1
1978	16.4
1979	18.3
1980	17.9
1981	18.7
1982	19
1983	18.9
1984	16.5
1985	16.8
1986	17.8
1987	17.3
1988	19
1989	20.9
1990	23.8
1991	21.9
1992	20.6
1993	19.8
1994	19.1
1995	19.2
1996	20.3
1997	20.8
1998	19.3
1999	18.7
2000	18.3
2001	18.3
2002	18.1
2003	17.1
2004	16.3
2005	18.5
2006	19.2
2007	19
2008	19.5
2009	18.5
2010	19.7
2011	21.2
2012	20.3
2013	21.6
2014	21.5
2015	18.7
2016	19.1
2017	18.4
2018	19.2
2019	19.8
2020	20
2021	21.3
2022	21.7
2023	21
2024	20.2
2025	21
2026	20.5
2027	21.1
2028	19.4
2029	20
2030	21.1
2031	23.7
2032	23.8
2033	23.4
2034	22.9
2035	23
2036	23.5
2037	24.1
2038	25.4
2039	26.6
2040	26.6
2041	26.9
2042	25.2
2043	26.4
2044	26.1
2045	24.4
2046	22.6
2047	23.9
2048	24
2049	23.6
2050	22.3
2051	23
2052	22.6
2053	20.9
2054	21.7
2055	22.6
2056	22.7
2057	23.1
2058	23.5
2059	23
2060	22.7
2061	20.6
2062	19.4
2063	19.9
2064	21.2
2065	23.1
2066	22.3
2067	22.4
2068	19.5
2069	20.7
2070	19.8
2071	19.5
2072	18.4
2073	19.1
2074	19.1
2075	20.1
2076	20.4
2077	19.9
2078	18.8
2079	18.2
2080	19.7
2081	19.6
2082	21
2083	20.4
2084	19.6
2085	18.7
2086	19.8
2087	20.5
2088	21.3
2089	22
2090	21.9
2091	21.7
2092	20.5
2093	20.4
2094	19.9
2095	20.6
2096	19.4
2097	19.2
2098	18.7
2099	18
2100	18.6
2101	18.5
2102	17.8
2103	18.6
2104	19
2105	17.7
2106	18.5
2107	13.7
2108	11.6
2109	10
2110	13.3
2111	12
2112	12.3
2113	12.6
2114	16.6
2115	17.1
2116	13.4
2117	12.2
2118	13.2
2119	12.2
2120	9.7
2121	9.3
2122	13.6
2123	13.2
2124	12.6
2125	11.7
2126	11.9
2127	10.9
2128	13.5
2129	12.1
2130	9.2
2131	6
2132	4.3
2133	4.4
2134	8.6
2135	8.9
2136	8.9
2137	9.4
2138	9.9
2139	10.7
2140	6.1
2141	5.8
2142	7.9
2143	7.3
2144	4.9
2145	9
2146	10.1
2147	9.9
2148	10.5
2149	10
2150	7.9
2151	9.2
2152	7.6
2153	6.8
2154	6.6
2155	9.3
2156	9.7
2157	5.8
2158	5.3
2159	5.9
2160	3.9
2161	1.6
2162	1.4
2163	1.9
2164	0.9
2165	2.7
2166	2.6
2167	0.4
2168	-0.9
2169	-1.6
2170	2.8
2171	5.6
2172	3.9
2173	4.1
2174	6.5
2175	6.8
2176	6.6
2177	4.5
2178	4.2
2179	5.2
2180	5.6
2181	4.9
2182	2
2183	4.3
2184	4.3
2185	5.4
2186	3.9
2187	3.3
2188	3.6
2189	2.5
2190	2.6
2191	0.8
2192	3.7
2193	2.5
2194	3.8
2195	5.7
2196	-1.3
2197	0.3
2198	-0.5
2199	-1.9
2200	-2.7
2201	-0.4
2202	1.1
2203	3
2204	3.4
2205	-0.1
2206	2.1
2207	-0.1
2208	4.4
2209	2.4
2210	2
2211	2.6
2212	2
2213	3
2214	3
2215	1.1
2216	2.4
2217	1.8
2218	0.4
2219	-0.1
2220	4.9
2221	5.3
2222	6.4
2223	5.4
2224	4.5
2225	5.7
2226	6
2227	3.5
2228	3.7
2229	4.3
2230	6
2231	6.3
2232	5.5
2233	4.9
2234	3
2235	1.9
2236	0.1
2237	3.4
2238	3
2239	3
2240	2.4
2241	1.3
2242	4.3
2243	4
2244	5.1
2245	4.3
2246	6.1
2247	5
2248	3.2
2249	2.9
2250	3.5
2251	4.7
2252	7.6
2253	6.2
2254	6.6
2255	7.3
2256	10.2
2257	7.9
2258	10.5
2259	9.7
2260	10.1
2261	10.9
2262	11.1
2263	9.9
2264	10.6
2265	10.2
2266	9.4
2267	8.2
2268	9.9
2269	9.2
2270	10.2
2271	10.3
2272	9.9
2273	12.1
2274	14.2
2275	12.9
2276	15.4
2277	14.1
2278	13.4
2279	14.3
2280	16.5
2281	15.1
2282	15.1
2283	14.1
2284	13.8
2285	12.3
2286	14.3
2287	15
2288	15.7
2289	17
2290	17.3
2291	16.1
2292	15.9
2293	15.9
2294	15.5
2295	15.6
2296	15
2297	11
2298	10.4
2299	8.2
2300	9.5
2301	11
2302	11.9
2303	12.5
2304	11.9
2305	12.3
2306	12.5
2307	11.8
2308	12
2309	11.5
2310	12.7
2311	12.9
2312	13.5
2313	12
2314	10.8
2315	11.2
2316	11.9
2317	14.3
2318	14.9
2319	16
2320	18
2321	14.6
2322	14.3
2323	14.2
2324	15.3
2325	15.1
2326	15.3
2327	16.7
2328	16.1
2329	17.5
2330	19.4
2331	20.2
2332	18.8
2333	17.3
2334	17.4
2335	18.5
2336	18.1
2337	16.2
2338	16.2
2339	17.2
2340	18.6
2341	20.1
2342	23.1
2343	22.1
2344	22.5
2345	19.6
2346	17.7
2347	19.4
2348	19.8
2349	20.6
2350	22.5
2351	22.9
2352	24.1
2353	24.8
2354	25.7
2355	24.9
2356	24.9
2357	24.4
2358	23.6
2359	15.9
2360	17.4
2361	17.7
2362	17.9
2363	14.6
2364	16.4
2365	18.7
2366	19.6
2367	18.7
2368	19.6
2369	20.4
2370	20.6
2371	19.2
2372	19.1
2373	21.3
2374	22.6
2375	20.4
2376	21.4
2377	22.7
2378	22.5
2379	23.7
2380	23.1
2381	23.8
2382	24.7
2383	23.2
2384	23.3
2385	23.2
2386	23.5
2387	22.8
2388	23.3
2389	19.6
2390	17.7
2391	19.2
2392	19.7
2393	21.3
2394	20.9
2395	22.3
2396	20.3
2397	19
2398	18.5
2399	18.9
2400	20.3
2401	20.7
2402	22.9
2403	23.7
2404	24.9
2405	25.4
2406	27
2407	26.6
2408	26.8
2409	26.5
2410	25.1
2411	24.7
2412	23
2413	22.3
2414	20.7
2415	22.2
2416	23.2
2417	23.2
2418	24.3
2419	22.6
2420	22.5
2421	20.6
2422	21.3
2423	21.4
2424	20.9
2425	20
2426	19.8
2427	18.9
2428	18.8
2429	18.4
2430	20
2431	20.6
2432	22.1
2433	21.8
2434	21.6
2435	21.3
2436	18.7
2437	17.8
2438	19.3
2439	19.2
2440	20.3
2441	19.4
2442	21.2
2443	21.1
2444	20.8
2445	21.1
2446	21
2447	20.1
2448	19.1
2449	18.1
2450	19.1
2451	19.7
2452	21
2453	22.7
2454	24.6
2455	24.5
2456	22.4
2457	19.8
2458	18.8
2459	20.1
2460	18.4
2461	17
2462	16.9
2463	16.7
2464	16.6
2465	14.2
2466	16.4
2467	19.2
2468	18.4
2469	19.5
2470	19.8
2471	19.2
2472	17.2
2473	17.1
2474	18
2475	15.4
2476	14.8
2477	14.4
2478	16
2479	16.5
2480	16.9
2481	15.8
2482	16.4
2483	16.2
2484	15
2485	12.1
2486	11.4
2487	10
2488	8.1
2489	10.2
2490	8.9
2491	9.2
2492	9.9
2493	11.4
2494	12.9
2495	12.7
2496	10.2
2497	13
2498	11.9
2499	11.8
2500	12.6
2501	10.3
2502	5.4
2503	4.5
2504	4.1
2505	2.7
2506	6.9
2507	6.3
2508	8.2
2509	6.3
2510	4.3
2511	4
2512	3.1
2513	5
2514	8.2
2515	8.6
2516	7.7
2517	7.7
2518	8.3
2519	10.9
2520	6.3
2521	4.2
2522	7.7
2523	5.3
2524	2.4
2525	5.9
2526	3.2
2527	3.4
2528	1.8
2529	4.3
2530	3.6
2531	6.6
2532	7.6
2533	7.7
2534	8.1
2535	9.4
2536	10.4
2537	6.7
2538	3.6
2539	2.9
2540	7.7
2541	6.6
2542	7.8
2543	6.5
2544	2.9
2545	2
2546	4.3
2547	3.6
2548	4.9
2549	5.5
2550	4.3
2551	1.9
2552	3.9
2553	6.8
2554	6.9
2555	10
2556	8.2
2557	8.1
2558	5.5
2559	5
2560	7.5
2561	8.6
2562	6.6
2563	2.5
2564	2.8
2565	4
2566	6
2567	5.9
2568	6.3
2569	4.9
2570	5.9
2571	4.3
2572	3.5
2573	5.1
2574	3.9
2575	3
2576	2.3
2577	1.9
2578	2.9
2579	4
2580	4.2
2581	2
2582	3
2583	6.2
2584	2.7
2585	3.5
2586	5.4
2587	6.2
2588	4.9
2589	2.7
2590	1.5
2591	3.3
2592	0.1
2593	4.3
2594	3.6
2595	6.7
2596	5.1
2597	4.7
2598	2.9
2599	2.1
2600	5.8
2601	7.6
2602	7.4
2603	9.8
2604	9.6
2605	8.6
2606	6.1
2607	2.6
2608	1.1
2609	1.6
2610	2
2611	2.8
2612	2.9
2613	4.2
2614	5.9
2615	5.1
2616	7.6
2617	7.4
2618	7.9
2619	9
2620	7.4
2621	6.3
2622	7.7
2623	7.3
2624	7.7
2625	10
2626	7.5
2627	7
2628	7
2629	6.4
2630	6.9
2631	6.9
2632	8.2
2633	9.3
2634	7
2635	10.1
2636	8.3
2637	7.4
2638	9.2
2639	9.1
2640	9.7
2641	10.5
2642	9.8
2643	10.6
2644	11.2
2645	11
2646	12.2
2647	13.6
2648	12.5
2649	13.8
2650	14.3
2651	15.2
2652	12.8
2653	12.9
2654	15.4
2655	13.9
2656	13.5
2657	13.2
2658	9.9
2659	9.5
2660	8.9
2661	10.9
2662	10.9
2663	13.2
2664	13.4
2665	11.4
2666	10.8
2667	11.4
2668	12.1
2669	10.6
2670	13
2671	13.9
2672	12.7
2673	11.3
2674	11.3
2675	10.2
